<?xml version="1.0" encoding="UTF-8" standalone="yes"?>
<output>
    <algorithm>eDijkstra</algorithm>
    <cellsize>40.0cm</cellsize>
    <deviation>0.11686</deviation>
    <distanceMap>-12.485281374238573 -12.319595949289335 -12.153910524340096 -11.988225099390858 -11.82253967444162 -11.656854249492381 -11.491168824543143 -11.325483399593905 -11.159797974644666 -10.994112549695428 -10.828427124746192 -10.662741699796953 -10.497056274847717 -10.331370849898478 -10.165685424949242 -10.000000000000004 -10.000000000000004 -10.165685424949242 -10.331370849898478 -10.497056274847717 -10.662741699796955 -11.062741699796955 -11.462741699796956 -11.862741699796956 -12.262741699796956 -12.662741699796957 -13.062741699796957 -13.462741699796958 -13.862741699796958 -14.262741699796958 -14.662741699796959 -15.062741699796959 -15.46274169979696 -15.86274169979696 -16.26274169979696 -16.662741699796957 -17.062741699796955 -17.462741699796954 -17.862741699796953 -18.26274169979695 -18.66274169979695 -19.06274169979695 -19.462741699796947 -19.862741699796945 -20.262741699796944 -20.662741699796943 -21.06274169979694 -21.46274169979694 -21.86274169979694 -22.262741699796937 -22.662741699796936 -23.062741699796934 -23.462741699796933 -23.86274169979693 -24.26274169979693 -24.66274169979693 -25.062741699796927 -25.462741699796926 -25.862741699796924 -26.262741699796923 -26.66274169979692 -27.06274169979692 -27.46274169979692 -27.862741699796917 -28.262741699796916 -28.662741699796914 -29.062741699796913 -29.22842712474615 -29.39411254969539 -29.559797974644628 -29.725483399593866 -29.891168824543104 -30.056854249492343 -30.22253967444158 -30.38822509939082 -30.553910524340058 -30.719595949289296 -30.885281374238534 -31.050966799187773 -31.21665222413701 -31.38233764908625 -31.548023074035488 -31.713708498984726 -31.879393923933964 -32.045079348883206 -32.210764773832445 -32.37645019878168 -32.54213562373092 
-12.085281374238573 -11.919595949289334 -11.753910524340096 -11.588225099390858 -11.42253967444162 -11.256854249492381 -11.091168824543143 -10.925483399593904 -10.759797974644666 -10.594112549695428 -10.428427124746191 -10.262741699796953 -10.097056274847716 -9.931370849898478 -9.765685424949242 -9.600000000000003 -9.600000000000003 -9.765685424949242 -9.931370849898478 -10.097056274847716 -1.7976931348623157E308 -1.7976931348623157E308 -1.7976931348623157E308 -1.7976931348623157E308 -1.7976931348623157E308 -1.7976931348623157E308 -1.7976931348623157E308 -1.7976931348623157E308 -1.7976931348623157E308 -1.7976931348623157E308 -1.7976931348623157E308 -1.7976931348623157E308 -1.7976931348623157E308 -1.7976931348623157E308 -1.7976931348623157E308 -1.7976931348623157E308 -1.7976931348623157E308 -1.7976931348623157E308 -1.7976931348623157E308 -1.7976931348623157E308 -1.7976931348623157E308 -1.7976931348623157E308 -1.7976931348623157E308 -1.7976931348623157E308 -1.7976931348623157E308 -1.7976931348623157E308 -1.7976931348623157E308 -1.7976931348623157E308 -1.7976931348623157E308 -1.7976931348623157E308 -1.7976931348623157E308 -1.7976931348623157E308 -1.7976931348623157E308 -1.7976931348623157E308 -1.7976931348623157E308 -1.7976931348623157E308 -1.7976931348623157E308 -1.7976931348623157E308 -1.7976931348623157E308 -1.7976931348623157E308 -1.7976931348623157E308 -1.7976931348623157E308 -1.7976931348623157E308 -1.7976931348623157E308 -1.7976931348623157E308 -1.7976931348623157E308 -28.662741699796914 -28.828427124746153 -28.99411254969539 -29.15979797464463 -29.325483399593868 -29.491168824543106 -29.656854249492344 -29.822539674441582 -29.98822509939082 -30.15391052434006 -30.319595949289297 -30.485281374238536 -30.650966799187774 -30.816652224137012 -30.98233764908625 -31.14802307403549 -31.313708498984727 -31.479393923933966 -31.645079348883204 -31.810764773832442 -31.97645019878168 -32.14213562373092 
-11.685281374238572 -11.519595949289334 -11.353910524340096 -11.188225099390857 -11.022539674441619 -10.85685424949238 -10.691168824543142 -10.525483399593904 -10.359797974644666 -10.194112549695427 -10.028427124746191 -9.862741699796953 -9.697056274847716 -9.531370849898478 -9.365685424949241 -9.200000000000003 -9.200000000000003 -9.365685424949241 -9.531370849898478 -9.697056274847716 -1.7976931348623157E308 -1.7976931348623157E308 -1.7976931348623157E308 -1.7976931348623157E308 -1.7976931348623157E308 -1.7976931348623157E308 -1.7976931348623157E308 -1.7976931348623157E308 -1.7976931348623157E308 -1.7976931348623157E308 -1.7976931348623157E308 -1.7976931348623157E308 -1.7976931348623157E308 -1.7976931348623157E308 -1.7976931348623157E308 -1.7976931348623157E308 -1.7976931348623157E308 -1.7976931348623157E308 -1.7976931348623157E308 -1.7976931348623157E308 -1.7976931348623157E308 -1.7976931348623157E308 -1.7976931348623157E308 -1.7976931348623157E308 -1.7976931348623157E308 -1.7976931348623157E308 -1.7976931348623157E308 -1.7976931348623157E308 -1.7976931348623157E308 -1.7976931348623157E308 -1.7976931348623157E308 -1.7976931348623157E308 -1.7976931348623157E308 -1.7976931348623157E308 -1.7976931348623157E308 -1.7976931348623157E308 -1.7976931348623157E308 -1.7976931348623157E308 -1.7976931348623157E308 -1.7976931348623157E308 -1.7976931348623157E308 -1.7976931348623157E308 -1.7976931348623157E308 -1.7976931348623157E308 -1.7976931348623157E308 -1.7976931348623157E308 -28.262741699796916 -28.428427124746154 -28.594112549695392 -28.75979797464463 -28.92548339959387 -29.091168824543107 -29.256854249492346 -29.422539674441584 -29.588225099390822 -29.75391052434006 -29.9195959492893 -30.085281374238537 -30.250966799187776 -30.416652224137014 -30.582337649086252 -30.74802307403549 -30.91370849898473 -31.079393923933967 -31.245079348883205 -31.410764773832444 -31.576450198781682 -31.74213562373092 
-11.285281374238572 -11.119595949289334 -10.953910524340095 -10.788225099390857 -10.622539674441619 -10.45685424949238 -10.291168824543142 -10.125483399593904 -9.959797974644665 -9.794112549695427 -9.62842712474619 -9.462741699796952 -9.297056274847716 -9.131370849898477 -8.96568542494924 -8.800000000000002 -8.800000000000002 -8.96568542494924 -9.131370849898477 -9.297056274847716 -1.7976931348623157E308 -1.7976931348623157E308 -11.365685424949245 -11.531370849898481 -11.69705627484772 -11.862741699796956 -12.028427124746194 -12.194112549695431 -12.35979797464467 -12.525483399593906 -12.691168824543144 -12.856854249492383 -13.02253967444162 -13.18822509939086 -13.353910524340098 -13.519595949289336 -13.685281374238574 -13.850966799187812 -14.01665222413705 -14.18233764908629 -14.348023074035527 -14.513708498984766 -14.679393923934004 -14.845079348883244 -15.010764773832483 -15.410764773832483 -15.810764773832481 -16.21076477383248 -16.61076477383248 -17.010764773832477 -17.410764773832476 -17.576450198781714 -17.742135623730952 -17.90782104868019 -18.07350647362943 -18.239191898578667 -18.404877323527906 -18.804877323527904 -19.204877323527903 -19.6048773235279 -20.0048773235279 -20.4048773235279 -20.804877323527897 -21.204877323527896 -1.7976931348623157E308 -1.7976931348623157E308 -27.862741699796917 -28.028427124746155 -28.194112549695394 -28.359797974644632 -28.52548339959387 -28.69116882454311 -28.856854249492347 -29.022539674441585 -29.188225099390824 -29.353910524340062 -29.5195959492893 -29.68528137423854 -29.850966799187777 -30.016652224137015 -30.182337649086254 -30.348023074035492 -30.51370849898473 -30.67939392393397 -30.845079348883207 -31.010764773832445 -31.176450198781684 -31.342135623730922 
-10.885281374238572 -10.719595949289333 -10.553910524340095 -10.388225099390857 -10.222539674441618 -10.05685424949238 -9.891168824543142 -9.725483399593903 -9.559797974644665 -9.394112549695427 -9.22842712474619 -9.062741699796952 -8.897056274847715 -8.731370849898477 -8.56568542494924 -8.400000000000002 -8.400000000000002 -8.56568542494924 -8.731370849898477 -8.897056274847715 -1.7976931348623157E308 -1.7976931348623157E308 -10.965685424949244 -11.131370849898481 -11.29705627484772 -11.462741699796956 -11.628427124746194 -11.79411254969543 -11.959797974644669 -12.125483399593906 -12.291168824543144 -12.456854249492382 -12.62253967444162 -12.788225099390859 -12.953910524340097 -13.119595949289335 -13.285281374238574 -13.450966799187812 -13.61665222413705 -13.782337649086289 -13.948023074035527 -14.113708498984765 -14.279393923934006 -14.445079348883244 -14.845079348883244 -15.245079348883243 -15.645079348883243 -16.04507934888324 -16.44507934888324 -16.84507934888324 -17.010764773832477 -17.176450198781716 -17.342135623730954 -17.507821048680192 -17.67350647362943 -17.83919189857867 -18.239191898578667 -18.639191898578666 -19.039191898578665 -19.439191898578663 -19.83919189857866 -20.23919189857866 -20.63919189857866 -21.039191898578657 -1.7976931348623157E308 -1.7976931348623157E308 -27.46274169979692 -27.628427124746157 -27.794112549695395 -27.959797974644633 -28.125483399593872 -28.29116882454311 -28.45685424949235 -28.622539674441587 -28.788225099390825 -28.953910524340063 -29.1195959492893 -29.28528137423854 -29.45096679918778 -29.616652224137017 -29.782337649086255 -29.948023074035493 -30.11370849898473 -30.27939392393397 -30.44507934888321 -30.610764773832447 -30.776450198781685 -30.942135623730923 
-10.485281374238571 -10.319595949289333 -10.153910524340095 -9.988225099390856 -9.822539674441618 -9.65685424949238 -9.491168824543141 -9.325483399593903 -9.159797974644665 -8.994112549695426 -8.82842712474619 -8.662741699796952 -8.497056274847715 -8.331370849898477 -8.16568542494924 -8.000000000000002 -8.000000000000002 -8.16568542494924 -8.331370849898477 -8.497056274847715 -1.7976931348623157E308 -1.7976931348623157E308 -10.565685424949244 -10.73137084989848 -10.897056274847719 -11.062741699796955 -11.228427124746194 -11.39411254969543 -11.559797974644669 -11.725483399593905 -11.891168824543144 -12.056854249492382 -12.22253967444162 -12.388225099390858 -12.553910524340097 -12.719595949289335 -12.885281374238573 -13.050966799187812 -13.21665222413705 -13.382337649086288 -13.548023074035527 -13.713708498984767 -13.879393923934005 -14.279393923934006 -14.679393923934004 -15.079393923934004 -15.479393923934005 -15.879393923934005 -16.279393923934006 -16.44507934888324 -16.61076477383248 -16.776450198781717 -16.942135623730955 -17.107821048680194 -17.273506473629432 -17.67350647362943 -18.07350647362943 -18.473506473629428 -18.873506473629426 -19.273506473629425 -19.673506473629423 -20.073506473629422 -20.47350647362942 -20.87350647362942 -1.7976931348623157E308 -1.7976931348623157E308 -27.06274169979692 -27.22842712474616 -27.394112549695397 -27.559797974644635 -27.725483399593873 -27.89116882454311 -28.05685424949235 -28.222539674441588 -28.388225099390827 -28.553910524340065 -28.719595949289303 -28.88528137423854 -29.05096679918778 -29.216652224137018 -29.382337649086256 -29.548023074035495 -29.713708498984733 -29.87939392393397 -30.04507934888321 -30.210764773832448 -30.376450198781686 -30.542135623730925 
-10.085281374238571 -9.919595949289333 -9.753910524340094 -9.588225099390856 -9.422539674441618 -9.25685424949238 -9.091168824543141 -8.925483399593903 -8.759797974644664 -8.594112549695426 -8.42842712474619 -8.262741699796951 -8.097056274847715 -7.931370849898477 -7.76568542494924 -7.600000000000002 -7.600000000000002 -7.76568542494924 -7.931370849898477 -8.097056274847715 -1.7976931348623157E308 -1.7976931348623157E308 -10.165685424949244 -10.33137084989848 -10.497056274847719 -10.662741699796955 -10.828427124746193 -10.99411254969543 -11.159797974644668 -11.325483399593905 -11.491168824543143 -11.656854249492381 -11.82253967444162 -11.988225099390858 -12.153910524340096 -12.319595949289335 -12.485281374238573 -12.650966799187811 -12.81665222413705 -12.982337649086288 -13.148023074035528 -13.313708498984766 -13.713708498984767 -14.113708498984765 -14.513708498984766 -14.913708498984766 -15.313708498984766 -15.713708498984767 -15.879393923934005 -16.04507934888324 -16.21076477383248 -16.37645019878172 -16.542135623730957 -16.707821048680195 -17.107821048680194 -17.507821048680192 -17.90782104868019 -18.30782104868019 -18.707821048680188 -19.107821048680186 -19.507821048680185 -19.907821048680184 -20.307821048680182 -20.70782104868018 -1.7976931348623157E308 -1.7976931348623157E308 -26.66274169979692 -26.82842712474616 -26.994112549695398 -27.159797974644636 -27.325483399593875 -27.491168824543113 -27.65685424949235 -27.82253967444159 -27.988225099390828 -28.153910524340066 -28.319595949289305 -28.485281374238543 -28.65096679918778 -28.81665222413702 -28.982337649086258 -29.148023074035496 -29.313708498984735 -29.479393923933973 -29.64507934888321 -29.81076477383245 -29.976450198781688 -30.142135623730926 
-9.68528137423857 -9.519595949289332 -9.353910524340094 -9.188225099390856 -9.022539674441617 -8.856854249492379 -8.69116882454314 -8.525483399593902 -8.359797974644664 -8.194112549695426 -8.02842712474619 -7.862741699796952 -7.697056274847714 -7.531370849898477 -7.365685424949239 -7.200000000000002 -7.200000000000002 -7.365685424949239 -7.531370849898477 -7.697056274847714 -1.7976931348623157E308 -1.7976931348623157E308 -9.765685424949243 -9.93137084989848 -10.097056274847718 -10.262741699796955 -10.428427124746193 -10.59411254969543 -10.759797974644668 -10.925483399593904 -11.091168824543143 -11.256854249492381 -11.42253967444162 -11.588225099390858 -11.753910524340096 -11.919595949289334 -12.085281374238573 -12.250966799187811 -12.41665222413705 -12.58233764908629 -12.748023074035528 -13.148023074035528 -13.548023074035527 -13.948023074035527 -14.348023074035527 -14.748023074035528 -15.148023074035528 -15.313708498984766 -15.479393923934005 -15.645079348883243 -15.810764773832481 -15.976450198781722 -16.142135623730958 -16.542135623730957 -16.942135623730955 -17.342135623730954 -17.742135623730952 -18.14213562373095 -18.54213562373095 -18.942135623730948 -19.342135623730947 -19.742135623730945 -20.142135623730944 -20.542135623730942 -1.7976931348623157E308 -1.7976931348623157E308 -26.262741699796923 -26.42842712474616 -26.5941125496954 -26.759797974644638 -26.925483399593876 -27.091168824543114 -27.256854249492353 -27.42253967444159 -27.58822509939083 -27.753910524340068 -27.919595949289306 -28.085281374238544 -28.250966799187783 -28.41665222413702 -28.58233764908626 -28.748023074035498 -28.913708498984736 -29.079393923933974 -29.245079348883213 -29.41076477383245 -29.57645019878169 -29.742135623730928 
-9.28528137423857 -9.119595949289332 -8.953910524340094 -8.788225099390855 -8.622539674441617 -8.456854249492379 -8.29116882454314 -8.125483399593902 -7.9597979746446645 -7.794112549695426 -7.628427124746189 -7.462741699796951 -7.297056274847714 -7.1313708498984765 -6.965685424949239 -6.800000000000002 -6.800000000000002 -6.965685424949239 -7.1313708498984765 -7.297056274847714 -1.7976931348623157E308 -1.7976931348623157E308 -9.365685424949243 -9.53137084989848 -9.697056274847718 -9.862741699796954 -10.028427124746193 -10.19411254969543 -10.359797974644668 -10.525483399593904 -10.691168824543142 -10.85685424949238 -11.022539674441619 -11.188225099390857 -11.353910524340096 -11.519595949289334 -11.685281374238572 -11.85096679918781 -12.01665222413705 -12.18233764908629 -12.58233764908629 -12.982337649086288 -13.382337649086288 -13.782337649086289 -14.18233764908629 -14.58233764908629 -14.748023074035528 -14.913708498984766 -15.079393923934004 -15.245079348883243 -15.410764773832483 -15.576450198781721 -15.976450198781722 -16.37645019878172 -16.776450198781717 -17.176450198781716 -17.576450198781714 -17.976450198781713 -18.37645019878171 -18.77645019878171 -19.17645019878171 -19.576450198781707 -19.976450198781706 -20.376450198781704 -1.7976931348623157E308 -1.7976931348623157E308 -25.862741699796924 -26.028427124746162 -26.1941125496954 -26.35979797464464 -26.525483399593877 -26.691168824543116 -26.856854249492354 -27.022539674441592 -27.18822509939083 -27.35391052434007 -27.519595949289307 -27.685281374238546 -27.850966799187784 -28.016652224137022 -28.18233764908626 -28.3480230740355 -28.513708498984737 -28.679393923933976 -28.845079348883214 -29.010764773832452 -29.17645019878169 -29.34213562373093 
-8.88528137423857 -8.719595949289332 -8.553910524340093 -8.388225099390855 -8.222539674441617 -8.056854249492378 -7.891168824543141 -7.7254833995939025 -7.559797974644664 -7.394112549695427 -7.228427124746188 -7.062741699796951 -6.8970562748477136 -6.731370849898476 -6.565685424949239 -6.400000000000001 -6.400000000000001 -6.565685424949239 -6.731370849898476 -6.8970562748477136 -1.7976931348623157E308 -1.7976931348623157E308 -8.965685424949243 -9.13137084989848 -9.297056274847717 -9.462741699796954 -9.628427124746192 -9.794112549695429 -9.959797974644667 -10.125483399593904 -10.291168824543142 -10.45685424949238 -10.622539674441619 -10.788225099390857 -10.953910524340095 -11.119595949289334 -11.285281374238572 -11.450966799187812 -11.61665222413705 -12.01665222413705 -12.41665222413705 -12.81665222413705 -13.21665222413705 -13.61665222413705 -14.01665222413705 -14.18233764908629 -14.348023074035527 -14.513708498984766 -14.679393923934004 -14.845079348883244 -15.010764773832483 -15.410764773832483 -15.810764773832481 -16.21076477383248 -16.61076477383248 -17.010764773832477 -17.410764773832476 -17.810764773832474 -18.210764773832473 -18.61076477383247 -19.01076477383247 -19.41076477383247 -19.810764773832467 -20.210764773832466 -1.7976931348623157E308 -1.7976931348623157E308 -25.462741699796926 -25.628427124746164 -25.794112549695402 -25.95979797464464 -26.12548339959388 -26.291168824543117 -26.456854249492356 -26.622539674441594 -26.788225099390832 -26.95391052434007 -27.11959594928931 -27.285281374238547 -27.450966799187785 -27.616652224137024 -27.782337649086262 -27.9480230740355 -28.11370849898474 -28.279393923933977 -28.445079348883215 -28.610764773832454 -28.776450198781692 -28.94213562373093 
-8.48528137423857 -8.319595949289331 -8.153910524340093 -7.988225099390855 -7.822539674441617 -7.656854249492379 -7.4911688245431405 -7.325483399593903 -7.159797974644665 -6.994112549695426 -6.828427124746189 -6.662741699796951 -6.497056274847713 -6.331370849898476 -6.165685424949238 -6.000000000000001 -6.000000000000001 -6.165685424949238 -6.331370849898476 -6.497056274847713 -1.7976931348623157E308 -1.7976931348623157E308 -8.565685424949242 -8.731370849898479 -8.897056274847717 -9.062741699796954 -9.228427124746192 -9.394112549695429 -9.559797974644667 -9.725483399593903 -9.891168824543142 -10.05685424949238 -10.222539674441618 -10.388225099390857 -10.553910524340095 -10.719595949289333 -10.885281374238573 -11.050966799187812 -11.450966799187812 -11.85096679918781 -12.250966799187811 -12.650966799187811 -13.050966799187812 -13.450966799187812 -13.61665222413705 -13.782337649086289 -13.948023074035527 -14.113708498984765 -14.279393923934006 -14.445079348883244 -14.845079348883244 -15.245079348883243 -15.645079348883243 -16.04507934888324 -16.44507934888324 -16.84507934888324 -17.245079348883237 -17.645079348883236 -18.045079348883235 -18.445079348883233 -18.84507934888323 -19.24507934888323 -19.64507934888323 -20.045079348883228 -1.7976931348623157E308 -1.7976931348623157E308 -25.062741699796927 -25.228427124746165 -25.394112549695404 -25.559797974644642 -25.72548339959388 -25.89116882454312 -26.056854249492357 -26.222539674441595 -26.388225099390834 -26.553910524340072 -26.71959594928931 -26.88528137423855 -27.050966799187787 -27.216652224137025 -27.382337649086264 -27.548023074035502 -27.71370849898474 -27.87939392393398 -28.045079348883217 -28.210764773832455 -28.376450198781694 -28.542135623730932 
-8.319595949289331 -7.919595949289332 -7.753910524340093 -7.588225099390855 -7.422539674441617 -7.256854249492379 -7.091168824543141 -6.925483399593903 -6.759797974644665 -6.594112549695427 -6.428427124746189 -6.262741699796951 -6.097056274847713 -5.931370849898475 -5.765685424949238 -5.6000000000000005 -5.6000000000000005 -5.765685424949238 -5.931370849898475 -6.097056274847713 -1.7976931348623157E308 -1.7976931348623157E308 -8.165685424949242 -8.331370849898478 -8.497056274847717 -8.662741699796953 -8.828427124746192 -8.994112549695428 -9.159797974644666 -9.325483399593903 -9.491168824543141 -9.65685424949238 -9.822539674441618 -9.988225099390856 -10.153910524340095 -10.319595949289335 -10.485281374238573 -10.885281374238573 -11.285281374238572 -11.685281374238572 -12.085281374238573 -12.485281374238573 -12.885281374238573 -13.050966799187812 -13.21665222413705 -13.382337649086288 -13.548023074035527 -13.713708498984767 -13.879393923934005 -14.279393923934006 -14.679393923934004 -15.079393923934004 -15.479393923934005 -15.879393923934005 -16.279393923934006 -16.679393923934004 -17.079393923934003 -17.479393923934 -17.879393923934 -18.279393923934 -18.679393923933997 -19.079393923933996 -19.479393923933994 -19.879393923933993 -1.7976931348623157E308 -1.7976931348623157E308 -24.66274169979693 -24.828427124746167 -24.994112549695405 -25.159797974644643 -25.32548339959388 -25.49116882454312 -25.65685424949236 -25.822539674441597 -25.988225099390835 -26.153910524340073 -26.31959594928931 -26.48528137423855 -26.65096679918779 -26.816652224137027 -26.982337649086265 -27.148023074035503 -27.31370849898474 -27.47939392393398 -27.64507934888322 -27.810764773832457 -27.976450198781695 -28.142135623730933 
-8.153910524340093 -7.753910524340093 -7.353910524340094 -7.188225099390856 -7.022539674441617 -6.856854249492379 -6.6911688245431415 -6.525483399593903 -6.359797974644665 -6.1941125496954275 -6.028427124746189 -5.862741699796951 -5.697056274847713 -5.531370849898475 -5.365685424949238 -5.2 -5.2 -5.365685424949238 -5.531370849898475 -5.697056274847713 -1.7976931348623157E308 -1.7976931348623157E308 -7.7656854249492415 -7.931370849898479 -8.097056274847716 -8.262741699796953 -8.428427124746191 -8.594112549695428 -8.759797974644666 -8.925483399593903 -9.091168824543141 -9.25685424949238 -9.422539674441618 -9.588225099390856 -9.753910524340096 -9.919595949289334 -10.319595949289335 -10.719595949289333 -11.119595949289334 -11.519595949289334 -11.919595949289334 -12.319595949289335 -12.485281374238573 -12.650966799187811 -12.81665222413705 -12.982337649086288 -13.148023074035528 -13.313708498984766 -13.713708498984767 -14.113708498984765 -14.513708498984766 -14.913708498984766 -15.313708498984766 -15.713708498984767 -16.113708498984767 -16.513708498984766 -16.913708498984764 -17.313708498984763 -17.71370849898476 -18.11370849898476 -18.51370849898476 -18.913708498984757 -19.313708498984756 -19.713708498984754 -1.7976931348623157E308 -1.7976931348623157E308 -24.26274169979693 -24.428427124746168 -24.594112549695406 -24.759797974644645 -24.925483399593883 -25.09116882454312 -25.25685424949236 -25.422539674441598 -25.588225099390836 -25.753910524340075 -25.919595949289313 -26.08528137423855 -26.25096679918779 -26.416652224137028 -26.582337649086266 -26.748023074035505 -26.913708498984743 -27.07939392393398 -27.24507934888322 -27.410764773832458 -27.576450198781696 -27.742135623730935 
-7.988225099390855 -7.588225099390855 -7.188225099390856 -6.788225099390856 -6.622539674441618 -6.4568542494923795 -6.291168824543141 -6.125483399593904 -5.959797974644665 -5.794112549695427 -5.62842712474619 -5.462741699796951 -5.297056274847713 -5.131370849898476 -4.965685424949237 -4.8 -4.8 -4.965685424949237 -5.131370849898476 -5.297056274847713 -1.7976931348623157E308 -1.7976931348623157E308 -7.365685424949241 -7.531370849898479 -7.697056274847716 -7.8627416997969535 -8.028427124746191 -8.194112549695427 -8.359797974644666 -8.525483399593902 -8.69116882454314 -8.856854249492379 -9.022539674441617 -9.188225099390857 -9.353910524340096 -9.753910524340096 -10.153910524340095 -10.553910524340095 -10.953910524340095 -11.353910524340096 -11.753910524340096 -11.919595949289334 -12.085281374238573 -12.250966799187811 -12.41665222413705 -12.58233764908629 -12.748023074035528 -13.148023074035528 -13.548023074035527 -13.948023074035527 -14.348023074035527 -14.748023074035528 -15.148023074035528 -15.548023074035529 -15.948023074035529 -16.348023074035527 -16.748023074035526 -17.148023074035525 -17.548023074035523 -17.94802307403552 -18.34802307403552 -18.74802307403552 -19.148023074035518 -19.548023074035516 -1.7976931348623157E308 -1.7976931348623157E308 -23.86274169979693 -24.02842712474617 -24.194112549695408 -24.359797974644646 -24.525483399593885 -24.691168824543123 -24.85685424949236 -25.0225396744416 -25.188225099390838 -25.353910524340076 -25.519595949289315 -25.685281374238553 -25.85096679918779 -26.01665222413703 -26.182337649086268 -26.348023074035506 -26.513708498984744 -26.679393923933983 -26.84507934888322 -27.01076477383246 -27.176450198781698 -27.576450198781696 
-7.822539674441617 -7.422539674441617 -7.022539674441617 -6.622539674441618 -6.222539674441618 -6.05685424949238 -5.891168824543142 -5.725483399593903 -5.559797974644666 -5.394112549695428 -5.228427124746189 -5.062741699796952 -4.8970562748477136 -4.731370849898475 -4.565685424949238 -4.3999999999999995 -4.3999999999999995 -4.565685424949238 -4.731370849898475 -4.8970562748477136 -1.7976931348623157E308 -1.7976931348623157E308 -6.965685424949241 -7.131370849898478 -7.297056274847716 -7.462741699796953 -7.628427124746191 -7.794112549695428 -7.959797974644665 -8.125483399593902 -8.29116882454314 -8.456854249492379 -8.622539674441619 -8.788225099390857 -9.188225099390857 -9.588225099390856 -9.988225099390856 -10.388225099390857 -10.788225099390857 -11.188225099390857 -11.353910524340096 -11.519595949289334 -11.685281374238572 -11.85096679918781 -12.01665222413705 -12.18233764908629 -12.58233764908629 -12.982337649086288 -13.382337649086288 -13.782337649086289 -14.18233764908629 -14.58233764908629 -14.98233764908629 -15.38233764908629 -15.78233764908629 -16.18233764908629 -16.582337649086288 -16.982337649086286 -17.382337649086285 -17.782337649086283 -18.182337649086282 -18.58233764908628 -18.98233764908628 -19.382337649086278 -1.7976931348623157E308 -1.7976931348623157E308 -23.462741699796933 -23.62842712474617 -23.79411254969541 -23.959797974644648 -24.125483399593886 -24.291168824543124 -24.456854249492363 -24.6225396744416 -24.78822509939084 -24.953910524340078 -25.119595949289316 -25.285281374238554 -25.450966799187793 -25.61665222413703 -25.78233764908627 -25.948023074035508 -26.113708498984746 -26.279393923933984 -26.445079348883223 -26.61076477383246 -27.01076477383246 -27.410764773832458 
-7.656854249492379 -7.256854249492379 -6.856854249492379 -6.4568542494923795 -6.05685424949238 -5.656854249492381 -5.491168824543142 -5.325483399593904 -5.159797974644666 -4.994112549695428 -4.82842712474619 -4.6627416997969515 -4.497056274847714 -4.331370849898476 -4.165685424949237 -3.9999999999999996 -3.9999999999999996 -4.165685424949237 -4.331370849898476 -4.497056274847714 -1.7976931348623157E308 -1.7976931348623157E308 -6.5656854249492405 -6.731370849898478 -6.897056274847715 -7.062741699796953 -7.22842712474619 -7.394112549695428 -7.559797974644665 -7.7254833995939025 -7.891168824543141 -8.05685424949238 -8.222539674441618 -8.622539674441619 -9.022539674441617 -9.422539674441618 -9.822539674441618 -10.222539674441618 -10.622539674441619 -10.788225099390857 -10.953910524340095 -11.119595949289334 -11.285281374238572 -11.450966799187812 -11.61665222413705 -12.01665222413705 -12.41665222413705 -12.81665222413705 -13.21665222413705 -13.61665222413705 -14.01665222413705 -14.416652224137051 -14.816652224137052 -15.216652224137052 -15.616652224137052 -16.01665222413705 -16.41665222413705 -16.816652224137048 -17.216652224137047 -17.616652224137045 -18.016652224137044 -18.416652224137042 -18.81665222413704 -19.21665222413704 -1.7976931348623157E308 -1.7976931348623157E308 -23.062741699796934 -23.228427124746172 -23.39411254969541 -23.55979797464465 -23.725483399593887 -23.891168824543126 -24.056854249492364 -24.222539674441602 -24.38822509939084 -24.55391052434008 -24.719595949289317 -24.885281374238556 -25.050966799187794 -25.216652224137032 -25.38233764908627 -25.54802307403551 -25.713708498984747 -25.879393923933986 -26.045079348883224 -26.445079348883223 -26.84507934888322 -27.24507934888322 
-7.4911688245431405 -7.091168824543141 -6.6911688245431415 -6.291168824543141 -5.891168824543142 -5.491168824543142 -5.091168824543143 -4.9254833995939045 -4.759797974644666 -4.594112549695428 -4.42842712474619 -4.262741699796952 -4.097056274847714 -3.931370849898476 -3.7656854249492375 -3.5999999999999996 -3.5999999999999996 -3.7656854249492375 -3.931370849898476 -4.097056274847714 -1.7976931348623157E308 -1.7976931348623157E308 -6.16568542494924 -6.3313708498984775 -6.497056274847715 -6.662741699796952 -6.82842712474619 -6.994112549695427 -7.159797974644665 -7.325483399593903 -7.491168824543141 -7.65685424949238 -8.05685424949238 -8.456854249492379 -8.856854249492379 -9.25685424949238 -9.65685424949238 -10.05685424949238 -10.222539674441618 -10.388225099390857 -10.553910524340095 -10.719595949289333 -10.885281374238573 -11.050966799187812 -11.450966799187812 -11.85096679918781 -12.250966799187811 -12.650966799187811 -13.050966799187812 -13.450966799187812 -13.850966799187812 -14.250966799187813 -14.650966799187813 -15.050966799187814 -15.450966799187814 -15.850966799187814 -16.250966799187815 -16.650966799187813 -17.05096679918781 -17.45096679918781 -17.85096679918781 -18.250966799187808 -18.650966799187806 -19.050966799187805 -1.7976931348623157E308 -1.7976931348623157E308 -22.662741699796936 -22.828427124746174 -22.994112549695412 -23.15979797464465 -23.32548339959389 -23.491168824543127 -23.656854249492365 -23.822539674441604 -23.988225099390842 -24.15391052434008 -24.31959594928932 -24.485281374238557 -24.650966799187795 -24.816652224137034 -24.982337649086272 -25.14802307403551 -25.31370849898475 -25.479393923933987 -25.879393923933986 -26.279393923933984 -26.679393923933983 -27.07939392393398 
-7.325483399593903 -6.925483399593903 -6.525483399593903 -6.125483399593904 -5.725483399593903 -5.325483399593904 -4.9254833995939045 -4.525483399593905 -4.359797974644667 -4.194112549695428 -4.02842712474619 -3.862741699796952 -3.697056274847714 -3.531370849898476 -3.3656854249492376 -3.1999999999999997 -3.1999999999999997 -3.3656854249492376 -3.531370849898476 -3.697056274847714 -1.7976931348623157E308 -1.7976931348623157E308 -5.76568542494924 -5.931370849898477 -6.097056274847715 -6.262741699796952 -6.4284271247461895 -6.594112549695427 -6.759797974644665 -6.925483399593904 -7.091168824543142 -7.491168824543141 -7.891168824543141 -8.29116882454314 -8.69116882454314 -9.091168824543141 -9.491168824543141 -9.65685424949238 -9.822539674441618 -9.988225099390856 -10.153910524340095 -10.319595949289335 -10.485281374238573 -10.885281374238573 -11.285281374238572 -11.685281374238572 -12.085281374238573 -12.485281374238573 -12.885281374238573 -13.285281374238574 -13.685281374238574 -14.085281374238575 -14.485281374238575 -14.885281374238575 -15.285281374238576 -15.685281374238576 -16.085281374238576 -16.485281374238575 -16.885281374238573 -17.285281374238572 -17.68528137423857 -18.08528137423857 -18.485281374238568 -18.885281374238566 -1.7976931348623157E308 -1.7976931348623157E308 -22.262741699796937 -22.428427124746175 -22.594112549695414 -22.759797974644652 -22.92548339959389 -23.09116882454313 -23.256854249492367 -23.422539674441605 -23.588225099390844 -23.753910524340082 -23.91959594928932 -24.08528137423856 -24.250966799187797 -24.416652224137035 -24.582337649086274 -24.748023074035512 -24.91370849898475 -25.31370849898475 -25.713708498984747 -26.113708498984746 -26.513708498984744 -26.913708498984743 
-7.159797974644665 -6.759797974644665 -6.359797974644665 -5.959797974644665 -5.559797974644666 -5.159797974644666 -4.759797974644666 -4.359797974644667 -3.959797974644667 -3.794112549695429 -3.6284271247461906 -3.4627416997969522 -3.297056274847714 -3.131370849898476 -2.9656854249492377 -2.8 -2.8 -2.9656854249492377 -3.131370849898476 -3.297056274847714 -1.7976931348623157E308 -1.7976931348623157E308 -5.365685424949239 -5.531370849898477 -5.697056274847714 -5.862741699796952 -6.028427124746189 -6.1941125496954275 -6.359797974644666 -6.525483399593904 -6.925483399593904 -7.325483399593903 -7.7254833995939025 -8.125483399593902 -8.525483399593902 -8.925483399593903 -9.091168824543141 -9.25685424949238 -9.422539674441618 -9.588225099390856 -9.753910524340096 -9.919595949289334 -10.319595949289335 -10.719595949289333 -11.119595949289334 -11.519595949289334 -11.919595949289334 -12.319595949289335 -12.719595949289335 -13.119595949289335 -13.519595949289336 -13.919595949289336 -14.319595949289337 -14.719595949289337 -15.119595949289337 -15.519595949289338 -15.919595949289338 -16.319595949289337 -16.719595949289335 -17.119595949289334 -17.519595949289332 -17.91959594928933 -18.31959594928933 -18.719595949289328 -1.7976931348623157E308 -1.7976931348623157E308 -21.86274169979694 -22.028427124746177 -22.194112549695415 -22.359797974644653 -22.52548339959389 -22.69116882454313 -22.85685424949237 -23.022539674441607 -23.188225099390845 -23.353910524340083 -23.51959594928932 -23.68528137423856 -23.8509667991878 -24.016652224137037 -24.182337649086275 -24.348023074035513 -24.748023074035512 -25.14802307403551 -25.54802307403551 -25.948023074035508 -26.348023074035506 -26.748023074035505 
-6.994112549695426 -6.594112549695427 -6.1941125496954275 -5.794112549695427 -5.394112549695428 -4.994112549695428 -4.594112549695428 -4.194112549695428 -3.794112549695429 -3.394112549695429 -3.2284271247461906 -3.0627416997969523 -2.897056274847714 -2.731370849898476 -2.565685424949238 -2.4 -2.4 -2.565685424949238 -2.731370849898476 -2.897056274847714 -1.7976931348623157E308 -1.7976931348623157E308 -4.965685424949239 -5.1313708498984765 -5.297056274847714 -5.462741699796951 -5.62842712474619 -5.794112549695428 -5.959797974644666 -6.359797974644666 -6.759797974644665 -7.159797974644665 -7.559797974644664 -7.9597979746446645 -8.359797974644664 -8.525483399593902 -8.69116882454314 -8.856854249492379 -9.022539674441617 -9.188225099390857 -9.353910524340096 -9.753910524340096 -10.153910524340095 -10.553910524340095 -10.953910524340095 -11.353910524340096 -11.753910524340096 -12.153910524340096 -12.553910524340097 -12.953910524340097 -13.353910524340098 -13.753910524340098 -14.153910524340098 -14.553910524340099 -14.953910524340099 -15.3539105243401 -15.7539105243401 -16.153910524340098 -16.553910524340097 -16.953910524340095 -17.353910524340094 -17.753910524340093 -18.15391052434009 -18.55391052434009 -1.7976931348623157E308 -1.7976931348623157E308 -21.46274169979694 -21.628427124746178 -21.794112549695416 -21.959797974644655 -22.125483399593893 -22.29116882454313 -22.45685424949237 -22.622539674441608 -22.788225099390846 -22.953910524340085 -23.119595949289323 -23.28528137423856 -23.4509667991878 -23.616652224137038 -23.782337649086276 -24.182337649086275 -24.582337649086274 -24.982337649086272 -25.38233764908627 -25.78233764908627 -26.182337649086268 -26.582337649086266 
-6.828427124746189 -6.428427124746189 -6.028427124746189 -5.62842712474619 -5.228427124746189 -4.82842712474619 -4.42842712474619 -4.02842712474619 -3.6284271247461906 -3.2284271247461906 -2.8284271247461907 -2.6627416997969524 -2.497056274847714 -2.331370849898476 -2.165685424949238 -2.0 -2.0 -2.165685424949238 -2.331370849898476 -2.497056274847714 -1.7976931348623157E308 -1.7976931348623157E308 -4.565685424949239 -4.731370849898476 -4.8970562748477136 -5.062741699796952 -5.22842712474619 -5.3941125496954285 -5.794112549695428 -6.1941125496954275 -6.594112549695427 -6.994112549695426 -7.394112549695427 -7.794112549695426 -7.9597979746446645 -8.125483399593902 -8.29116882454314 -8.456854249492379 -8.622539674441619 -8.788225099390857 -9.188225099390857 -9.588225099390856 -9.988225099390856 -10.388225099390857 -10.788225099390857 -11.188225099390857 -11.588225099390858 -11.988225099390858 -12.388225099390858 -12.788225099390859 -13.18822509939086 -13.58822509939086 -13.98822509939086 -14.38822509939086 -14.78822509939086 -15.188225099390861 -15.588225099390861 -15.988225099390862 -16.388225099390862 -16.78822509939086 -17.18822509939086 -17.588225099390858 -17.988225099390856 -18.388225099390855 -1.7976931348623157E308 -1.7976931348623157E308 -21.06274169979694 -21.22842712474618 -21.394112549695418 -21.559797974644656 -21.725483399593895 -21.891168824543133 -22.05685424949237 -22.22253967444161 -22.388225099390848 -22.553910524340086 -22.719595949289324 -22.885281374238563 -23.0509667991878 -23.21665222413704 -23.616652224137038 -24.016652224137037 -24.416652224137035 -24.816652224137034 -25.216652224137032 -25.61665222413703 -26.01665222413703 -26.416652224137028 
-6.662741699796951 -6.262741699796951 -5.862741699796951 -5.462741699796951 -5.062741699796952 -4.6627416997969515 -4.262741699796952 -3.862741699796952 -3.4627416997969522 -3.0627416997969523 -2.6627416997969524 -2.2627416997969525 -2.097056274847714 -1.9313708498984763 -1.765685424949238 -1.6 -1.6 -1.765685424949238 -1.9313708498984763 -2.097056274847714 -1.7976931348623157E308 -1.7976931348623157E308 -4.165685424949238 -4.331370849898476 -4.497056274847714 -4.662741699796952 -4.828427124746191 -5.22842712474619 -5.62842712474619 -6.028427124746189 -6.428427124746189 -6.828427124746189 -7.228427124746188 -7.394112549695427 -7.559797974644664 -7.7254833995939025 -7.891168824543141 -8.05685424949238 -8.222539674441618 -8.622539674441619 -9.022539674441617 -9.422539674441618 -9.822539674441618 -10.222539674441618 -10.622539674441619 -11.022539674441619 -11.42253967444162 -11.82253967444162 -12.22253967444162 -12.62253967444162 -13.02253967444162 -13.422539674441621 -13.822539674441622 -14.222539674441622 -14.622539674441622 -15.022539674441623 -15.422539674441623 -15.822539674441623 -16.222539674441624 -16.622539674441622 -17.02253967444162 -17.42253967444162 -17.822539674441618 -18.222539674441617 -1.7976931348623157E308 -1.7976931348623157E308 -20.662741699796943 -20.82842712474618 -20.99411254969542 -21.159797974644658 -21.325483399593896 -21.491168824543134 -21.656854249492373 -21.82253967444161 -21.98822509939085 -22.153910524340088 -22.319595949289326 -22.485281374238564 -22.650966799187803 -23.0509667991878 -23.4509667991878 -23.8509667991878 -24.250966799187797 -24.650966799187795 -25.050966799187794 -25.450966799187793 -25.85096679918779 -26.25096679918779 
