<?xml version="1.0" encoding="UTF-8" standalone="yes"?>
<output>
    <distanceMap>-32.29934651934341 -31.765212608237444 -31.25220556964648 -30.761423801260488 -30.294013532311716 -29.85116869664161 -29.434130647651212 -29.04418791466145 -28.682676398257094 -28.35098076706635 -28.050538520670198 -27.782849621736368 -27.549497807532333 -27.35219771247327 -27.19290549512964 -27.07411884729921 -27.0 -26.260538095751944 -25.34249466821816 -24.430189136661294 -23.524207986629108 -22.62521567937013 -21.73396727662357 -20.851323442621737 -19.97826832417165 -19.115930923138208 -18.26561071530178 -17.428808441042783 -16.607263203123573 -15.80299726251091 -15.01837023353067 -14.256144756037182 -13.519566182735492 -12.812459401548944 -12.13934670958893 -11.505591926228872 -10.917578434678463 -10.382934897267287 -9.910839712752146 -9.512493081858725 -9.202082511924672 -9.0 -9.0 -9.0 -9.0 -9.202082511924672 -9.512493081858725 -9.910839712752146 -10.382934897267287 -10.917578434678463 -11.505591926228872 -12.13934670958893 -12.812459401548944 -13.519566182735492 -14.256144756037182 -15.01837023353067 -15.80299726251091 -16.607263203123573 -17.428808441042783 -18.26561071530178 -19.115930923138208 -19.97826832417165 -20.851323442621737 -21.73396727662357 -22.62521567937013 -23.524207986629108 -24.430189136661294 -25.34249466821816 -26.260538095751944 -27.0 -27.07411884729921 -27.19290549512964 -27.35219771247327 -27.549497807532333 -27.782849621736368 -28.050538520670198 -28.35098076706635 -28.682676398257094 -29.04418791466145 -29.434130647651212 -29.85116869664161 -30.294013532311716 -30.761423801260488 -31.25220556964648 -31.765212608237444 -32.29934651934341 -32.85355661646093 -33.42683952946588 -34.01823854257273 -34.62684269044287 -35.25178564638229 -35.89224443939988 -36.54743803637385 -37.21662582318844 -37.899106015344366 -38.59421402479858 -39.30132080598513 -40.01983120034717 -40.74918229533637 -41.48884181082573 -42.2383065232005 -42.99710073507367 -43.76477479657308 -44.54090368246125 -45.32508562792262 -46.11694082468592 -46.916110178171536 -47.72225412559102 -48.53505151428096 -49.354198539086404 
-31.45394663466942 -30.906828208125166 -30.380923034632907 -29.877383281555108 -29.39741526579511 -28.942279668380102 -28.513291538475 -28.111820270699653 -27.739289940728185 -27.397180758374528 -27.08703312193728 -26.81045724681371 -26.569154667356425 -26.364966235314224 -26.199985693586196 -26.076869431919576 -26.0 -25.86405825368897 -24.932984452117296 -24.00687110516909 -23.086243568566026 -22.17170020598256 -21.26392487183602 -20.363701908900957 -19.471934238039893 -18.589665263851 -17.71810550638149 -16.85866510638726 -16.012993654206234 -15.183029178337563 -14.37105862274359 -13.579792772708332 -12.812459401548944 -12.072919474349366 -11.365812693162818 -10.696740806581586 -10.072500753098572 -9.501387316726344 -8.993604758307079 -8.561890495036451 -8.222714012138107 -8.0 -8.0 -8.0 -8.0 -8.222714012138107 -8.561890495036451 -8.993604758307079 -9.501387316726344 -10.072500753098572 -10.696740806581586 -11.365812693162818 -12.072919474349366 -12.812459401548944 -13.579792772708332 -14.37105862274359 -15.183029178337563 -16.012993654206234 -16.85866510638726 -17.71810550638149 -18.589665263851 -19.471934238039893 -20.363701908900957 -21.26392487183602 -22.17170020598256 -23.086243568566026 -24.00687110516909 -24.932984452117296 -25.86405825368897 -26.0 -26.076869431919576 -26.199985693586196 -26.364966235314224 -26.569154667356425 -26.81045724681371 -27.08703312193728 -27.397180758374528 -27.739289940728185 -28.111820270699653 -28.513291538475 -28.942279668380102 -29.39741526579511 -29.877383281555108 -30.380923034632907 -30.906828208125166 -31.45394663466942 -32.02117979779443 -32.60748203626996 -33.21185947086021 -33.833368688854954 -34.47111522820172 -35.12425190398925 -35.79197701786651 -36.47353248720843 -37.16820192634622 -37.87530870753277 -38.59421402479858 -39.32431497969257 -40.065042704143096 -40.81586053237429 -41.57626223094731 -42.34577029357107 -43.12393430526423 -43.910329378758604 -44.70455466462421 -45.506231935476244 -46.315004243706305 -47.13053465148242 -47.95250503121014 -48.7806149342364 
-30.616891423028157 -30.05628500023133 -29.516950976595034 -29.000097294064542 -28.506993125478672 -28.03896954201109 -27.59741992020593 -27.183800253000005 -26.799629732275502 -26.44649235326349 -26.12604103804702 -25.84000731758129 -25.59022306391307 -25.378669413433947 -25.207593439428056 -25.07982826404514 -25.0 -25.07982826404514 -24.55573908288834 -23.61642912631924 -22.681755697357627 -21.75224348269041 -20.828495638774736 -19.91120834960211 -19.001188598459663 -18.0993759725549 -17.206869554146305 -16.324961260639505 -15.45517740417762 -14.599330782889746 -13.759586338361045 -12.938544382842753 -12.13934670958893 -11.365812693162818 -10.622615000360572 -9.915508219174024 -9.251629604382112 -8.639902045021001 -8.09159433991453 -7.62116773383169 -7.24783018890718 -7.0 -7.0 -7.0 -7.0 -7.24783018890718 -7.62116773383169 -8.09159433991453 -8.639902045021001 -9.251629604382112 -9.915508219174024 -10.622615000360572 -11.365812693162818 -12.13934670958893 -12.938544382842753 -13.759586338361045 -14.599330782889746 -15.45517740417762 -16.324961260639505 -17.206869554146305 -18.0993759725549 -19.001188598459663 -19.91120834960211 -20.828495638774736 -21.75224348269041 -22.681755697357627 -23.61642912631924 -24.55573908288834 -25.07982826404514 -25.0 -25.07982826404514 -25.207593439428056 -25.378669413433947 -25.59022306391307 -25.84000731758129 -26.12604103804702 -26.44649235326349 -26.799629732275502 -27.183800253000005 -27.59741992020593 -28.03896954201109 -28.506993125478672 -29.000097294064542 -29.516950976595034 -30.05628500023133 -30.616891423028157 -31.197622551058384 -31.797389643293393 -32.41516133696136 -33.04996183928866 -33.700868935415365 -34.36701186097701 -35.04756908380278 -35.74176603388445 -36.448872815071 -37.16820192634622 -37.899106015344366 -38.64097568207897 -39.39323734674417 -40.155351191933036 -40.92680918660356 -41.7071331966545 -42.49587318490542 -43.292605501622155 -44.096931265395035 -44.908474833135664 -45.726882357155176 -46.551820426676045 -47.382974790704765 -48.22004915887156 
-29.788809036596042 -29.214193074757542 -28.660877223432 -28.130127019329024 -27.623277149998998 -27.141732710687418 -26.686970157231354 -26.260538095751944 -25.86405825368897 -25.49922736680194 -25.16782148556611 -24.871705801203557 -24.61285667766435 -24.393411573516953 -24.215788992997464 -24.083019632331116 -24.0 -24.083019632331116 -24.21266940266285 -23.26092162823627 -22.312964370474443 -21.369242280523856 -20.430269535759756 -19.496643454162925 -18.569061316563626 -17.64834128087419 -16.735448551385538 -15.831528344187538 -14.93794770585183 -14.056348952730332 -13.188718483881017 -12.337476101309242 -11.505591926228872 -10.696740806581586 -9.915508219174024 -9.16766787202634 -8.460561090839793 -7.803625379962799 -7.209155215504603 -6.693472160084702 -6.279026701368952 -6.0 -6.0 -6.0 -6.0 -6.279026701368952 -6.693472160084702 -7.209155215504603 -7.803625379962799 -8.460561090839793 -9.16766787202634 -9.915508219174024 -10.696740806581586 -11.505591926228872 -12.337476101309242 -13.188718483881017 -14.056348952730332 -14.93794770585183 -15.831528344187538 -16.735448551385538 -17.64834128087419 -18.569061316563626 -19.496643454162925 -20.430269535759756 -21.369242280523856 -22.312964370474443 -23.26092162823627 -24.21266940266285 -24.083019632331116 -24.0 -24.083019632331116 -24.215788992997464 -24.393411573516953 -24.61285667766435 -24.871705801203557 -25.16782148556611 -25.49922736680194 -25.86405825368897 -26.260538095751944 -26.686970157231354 -27.141732710687418 -27.623277149998998 -28.130127019329024 -28.660877223432 -29.214193074757542 -29.788809036596042 -30.38352712855744 -30.99721501543292 -31.628803826345273 -32.27728576081516 -32.941711539211035 -33.62118775120068 -34.31487414970022 -35.02198093088677 -35.74176603388445 -36.47353248720843 -37.21662582318844 -37.970431576460605 -38.734372878226964 -39.507908154305966 -40.290528931951975 -41.081757757946896 -41.88114622849793 -42.68827312991066 -43.5027426878118 -44.32418292179503 -45.152244101703246 -45.98659730130393 -46.82693304482932 -47.67296004167203 
-28.970385859749 -28.381221545428836 -27.813348922521143 -27.268092675488642 -26.746855474680636 -26.251119989032073 -25.782450562671592 -25.34249466821816 -24.932984452117296 -24.55573908288834 -24.21266940266285 -23.905788034909108 -23.63723182852098 -23.409312890005136 -23.224642032719565 -23.086471720463418 -23.0 -23.086471720463418 -23.224642032719565 -22.942524019173877 -21.98222487035459 -21.02525073325837 -20.072020544467026 -19.123024158613593 -18.178837514265396 -17.240141740885804 -16.307747418561274 -15.382625634470118 -14.465948088802602 -13.55913936963239 -12.663945765350903 -11.782526807003176 -10.917578434678463 -10.072500753098572 -9.251629604382112 -8.460561090839793 -7.7066144934109415 -6.999507712224394 -6.35237578860828 -5.783398008298223 -5.318743357806675 -5.0 -5.0 -5.0 -5.0 -5.318743357806675 -5.783398008298223 -6.35237578860828 -6.999507712224394 -7.7066144934109415 -8.460561090839793 -9.251629604382112 -10.072500753098572 -10.917578434678463 -11.782526807003176 -12.663945765350903 -13.55913936963239 -14.465948088802602 -15.382625634470118 -16.307747418561274 -17.240141740885804 -18.178837514265396 -19.123024158613593 -20.072020544467026 -21.02525073325837 -21.98222487035459 -22.942524019173877 -23.224642032719565 -23.086471720463418 -23.0 -23.086471720463418 -23.224642032719565 -23.409312890005136 -23.63723182852098 -23.905788034909108 -24.21266940266285 -24.55573908288834 -24.932984452117296 -25.34249466821816 -25.782450562671592 -26.251119989032073 -26.746855474680636 -27.268092675488642 -27.813348922521143 -28.381221545428836 -28.970385859749 -29.57959280842067 -30.207666297808522 -30.853500289703018 -31.516055716304066 -32.19435728251437 -32.88749021315108 -33.59459699433763 -34.31487414970022 -35.04756908380278 -35.79197701786651 -36.54743803637385 -37.31333425769108 -38.089087137290626 -38.874154908427904 -39.66803016215678 -40.47023756620018 -41.28033172039301 -42.09789514504324 -42.92253639755595 -43.75388831197211 -44.59160635562377 -45.435367096837965 -46.284866777520875 -47.13981998445168 
-28.162372610642546 -27.55810509913954 -26.975079499798476 -26.414680828550775 -25.87838191246424 -25.36774635981567 -24.884431180399837 -24.430189136661294 -24.00687110516909 -23.61642912631924 -23.26092162823627 -22.942524019173877 -22.66355171808129 -22.42651246546856 -22.23423354890546 -22.090217414796445 -22.0 -22.090217414796445 -22.23423354890546 -22.42651246546856 -21.692051644627444 -20.72300545674124 -19.756733596374808 -18.793613198512627 -17.834090875355894 -16.878699037685145 -15.928076923789783 -14.982997961167952 -14.044405745927273 -13.113461895607204 -12.191610482034918 -11.280665956554785 -10.382934897267287 -9.501387316726344 -8.639902045021001 -7.803625379962799 -6.999507712224394 -6.2371296738228965 -5.530022892636349 -4.897906023141617 -4.370902299477738 -4.0 -4.0 -4.0 -4.0 -4.370902299477738 -4.897906023141617 -5.530022892636349 -6.2371296738228965 -6.999507712224394 -7.803625379962799 -8.639902045021001 -9.501387316726344 -10.382934897267287 -11.280665956554785 -12.191610482034918 -13.113461895607204 -14.044405745927273 -14.982997961167952 -15.928076923789783 -16.878699037685145 -17.834090875355894 -18.793613198512627 -19.756733596374808 -20.72300545674124 -21.692051644627444 -22.42651246546856 -22.23423354890546 -22.090217414796445 -22.0 -22.090217414796445 -22.23423354890546 -22.42651246546856 -22.66355171808129 -22.942524019173877 -23.26092162823627 -23.61642912631924 -24.00687110516909 -24.430189136661294 -24.884431180399837 -25.36774635981567 -25.87838191246424 -26.414680828550775 -26.975079499798476 -27.55810509913954 -28.162372610642546 -28.78658152622459 -29.429512269400206 -30.090022421710962 -30.76704282810962 -31.459573650908187 -32.166680432094736 -32.88749021315108 -33.62118775120068 -34.36701186097701 -35.12425190398925 -35.89224443939988 -36.67037004548968 -37.45805031602457 -38.25474503223842 -39.059949508364475 -39.87319210654194 -40.694031915392706 -41.52205658548478 -42.35688031418505 -43.198141971996534 -44.04550336227856 -44.89864760624184 -45.75727764522185 -46.62111485245596 
-27.365591100727983 -26.745651315523144 -26.146856504908992 -25.570652705438516 -25.018584650098695 -24.49229993807066 -23.99355286901239 -23.524207986629108 -23.086243568566026 -22.681755697357627 -22.312964370474443 -21.98222487035459 -21.692051644627444 -21.44517214822621 -21.244658209117688 -21.09429532041995 -21.0 -21.09429532041995 -21.244658209117688 -21.44517214822621 -21.44517214822621 -20.46548129891536 -19.48766278929642 -18.511980616299397 -17.53874965488033 -16.56834827391425 -15.601234829790823 -14.637969479025305 -13.6792433881311 -12.725918386701707 -11.779081608502635 -10.840122036848058 -9.910839712752146 -8.993604758307079 -8.09159433991453 -7.209155215504603 -6.35237578860828 -5.530022892636349 -4.755149829934991 -4.048043048748443 -3.4422304068040503 -3.0 -3.0 -3.0 -3.0 -3.4422304068040503 -4.048043048748443 -4.755149829934991 -5.530022892636349 -6.35237578860828 -7.209155215504603 -8.09159433991453 -8.993604758307079 -9.910839712752146 -10.840122036848058 -11.779081608502635 -12.725918386701707 -13.6792433881311 -14.637969479025305 -15.601234829790823 -16.56834827391425 -17.53874965488033 -18.511980616299397 -19.48766278929642 -20.46548129891536 -21.44517214822621 -21.44517214822621 -21.244658209117688 -21.09429532041995 -21.0 -21.09429532041995 -21.244658209117688 -21.44517214822621 -21.692051644627444 -21.98222487035459 -22.312964370474443 -22.681755697357627 -23.086243568566026 -23.524207986629108 -23.99355286901239 -24.49229993807066 -25.018584650098695 -25.570652705438516 -26.146856504908992 -26.745651315523144 -27.365591100727983 -28.00532405924706 -28.66358795232972 -29.33920530769841 -30.031078583516482 -30.73818536470303 -31.459573650908187 -32.19435728251437 -32.941711539211035 -33.700868935415365 -34.47111522820172 -35.25178564638229 -36.04226134379305 -36.84196607551022 -37.650363092437956 -38.46695224730262 -39.29126730340123 -40.12287343632941 -40.96136491823889 -41.80636297385957 -42.657513797465604 -43.51448672011078 -44.376972516754186 -45.24468184328639 -46.11734379393961 
-26.580941712325565 -25.944748840322955 -25.329550453618495 -24.736853651545342 -24.16827623435432 -23.625552361722125 -23.110537930644682 -22.62521567937013 -22.17170020598256 -21.75224348269041 -21.369242280523856 -21.02525073325837 -20.72300545674124 -20.46548129891536 -20.256027336798475 -20.098751050913695 -20.0 -20.098751050913695 -20.256027336798475 -20.46548129891536 -20.831308747292198 -20.256027336798475 -19.26847269532363 -18.282151341107685 -17.297251911994227 -16.31400286665142 -15.332683411968105 -14.353638188734033 -13.377297297496378 -12.40420404843012 -11.435054105534864 -10.470751813193187 -9.512493081858725 -8.561890495036451 -7.62116773383169 -6.693472160084702 -5.783398008298223 -4.897906023141617 -4.048043048748443 -3.2524357066126695 -2.545328925426122 -2.0 -2.0 -2.0 -2.0 -2.545328925426122 -3.2524357066126695 -4.048043048748443 -4.897906023141617 -5.783398008298223 -6.693472160084702 -7.62116773383169 -8.561890495036451 -9.512493081858725 -10.470751813193187 -11.435054105534864 -12.40420404843012 -13.377297297496378 -14.353638188734033 -15.332683411968105 -16.31400286665142 -17.297251911994227 -18.282151341107685 -19.26847269532363 -20.256027336798475 -20.831308747292198 -20.46548129891536 -20.256027336798475 -20.098751050913695 -20.0 -20.098751050913695 -20.256027336798475 -20.46548129891536 -20.72300545674124 -21.02525073325837 -21.369242280523856 -21.75224348269041 -22.17170020598256 -22.62521567937013 -23.110537930644682 -23.625552361722125 -24.16827623435432 -24.736853651545342 -25.329550453618495 -25.944748840322955 -26.580941712325565 -27.23672680334202 -27.910800700137056 -28.601952848140417 -29.309059629326963 -30.031078583516482 -30.76704282810962 -31.516055716304066 -32.27728576081516 -33.04996183928866 -33.833368688854954 -34.62684269044287 -35.42976793827439 -36.2415725861471 -37.06172545940509 -37.889732919700435 -38.72513596856045 -39.56750757522939 -40.41645021412003 -41.271593597401136 -42.13259258863981 -42.99912528397856 -43.870891247996035 -44.74760989210691 -45.629018984122695 
-25.809411654833767 -25.156376501262233 -24.524124789256934 -23.914223892382587 -23.328365049719068 -22.768370854816173 -22.23620257597919 -21.73396727662357 -21.26392487183602 -20.828495638774736 -20.430269535759756 -20.072020544467026 -19.756733596374808 -19.48766278929642 -19.26847269532363 -19.103638881385304 -19.0 -19.103638881385304 -19.26847269532363 -19.48766278929642 -19.90062605269966 -20.098751050913695 -19.103638881385304 -18.109023889408288 -17.11498475962599 -16.121617503746425 -15.129040462513645 -14.137401133405376 -13.146885647136298 -12.15773216730351 -11.17025023663456 -10.184849375600875 -9.202082511924672 -8.222714012138107 -7.24783018890718 -6.279026701368952 -5.318743357806675 -4.370902299477738 -3.4422304068040503 -2.545328925426122 -1.7071067811865475 -1.0 -1.0 -1.0 -1.0 -1.7071067811865475 -2.545328925426122 -3.4422304068040503 -4.370902299477738 -5.318743357806675 -6.279026701368952 -7.24783018890718 -8.222714012138107 -9.202082511924672 -10.184849375600875 -11.17025023663456 -12.15773216730351 -13.146885647136298 -14.137401133405376 -15.129040462513645 -16.121617503746425 -17.11498475962599 -18.109023889408288 -19.103638881385304 -20.098751050913695 -19.90062605269966 -19.48766278929642 -19.26847269532363 -19.103638881385304 -19.0 -19.103638881385304 -19.26847269532363 -19.48766278929642 -19.756733596374808 -20.072020544467026 -20.430269535759756 -20.828495638774736 -21.26392487183602 -21.73396727662357 -22.23620257597919 -22.768370854816173 -23.328365049719068 -23.914223892382587 -24.524124789256934 -25.156376501262233 -25.809411654833767 -26.481779179727884 -27.172136783555413 -27.87924356474196 -28.601952848140417 -29.33920530769841 -30.090022421710962 -30.853500289703018 -31.628803826345273 -32.41516133696136 -33.21185947086021 -34.01823854257273 -34.833688206698824 -35.65764346913721 -36.48958101567912 -37.3290158380135 -38.175498136933555 -39.0286104827537 -39.8879652135064 -40.75320205230236 -41.62398592619212 -42.50000496991713 -43.38096869903512 -44.26660633799478 -45.15666528983079 
-25.052084058479526 -24.38161345834753 -23.731647094938758 -23.10381077768538 -22.499868518842245 -21.921732252460053 -21.37147157498455 -20.851323442621737 -20.363701908900957 -19.91120834960211 -19.496643454162925 -19.123024158613593 -18.793613198512627 -18.511980616299397 -18.282151341107685 -18.109023889408288 -18.0 -18.109023889408288 -18.282151341107685 -18.511980616299397 -18.989878369156404 -19.613038761595647 -19.0 -18.0 -17.0 -16.0 -15.0 -14.0 -13.0 -12.0 -11.0 -10.0 -9.0 -8.0 -7.0 -6.0 -5.0 -4.0 -3.0 -2.0 -1.0 -0.0 -0.0 -0.0 -0.0 -1.0 -2.0 -3.0 -4.0 -5.0 -6.0 -7.0 -8.0 -9.0 -10.0 -11.0 -12.0 -13.0 -14.0 -15.0 -16.0 -17.0 -18.0 -19.0 -19.613038761595647 -18.989878369156404 -18.511980616299397 -18.282151341107685 -18.109023889408288 -18.0 -18.109023889408288 -18.282151341107685 -18.511980616299397 -18.793613198512627 -19.123024158613593 -19.496643454162925 -19.91120834960211 -20.363701908900957 -20.851323442621737 -21.37147157498455 -21.921732252460053 -22.499868518842245 -23.10381077768538 -23.731647094938758 -24.38161345834753 -25.052084058479526 -25.741561703935993 -26.44866848512254 -27.172136783555413 -27.910800700137056 -28.66358795232972 -29.429512269400206 -30.207666297808522 -30.99721501543292 -31.797389643293393 -32.60748203626996 -33.42683952946588 -34.25486021387479 -35.090988613427065 -35.93471173498888 -36.785555463144306 -37.643081272423025 -38.50688323082085 -39.37658526988954 -40.251838698245265 -41.13231993695318 -42.017728456876284 -42.90778489967322 -43.8022293656359 -44.700819853025074 
-24.31014795991116 -23.621650481330164 -22.953301696842303 -22.306782705417266 -21.6839282897238 -21.086739326248072 -20.517395512564278 -19.97826832417165 -19.471934238039893 -19.001188598459663 -18.569061316563626 -18.178837514265396 -17.834090875355894 -17.53874965488033 -17.297251911994227 -17.11498475962599 -17.0 -17.11498475962599 -17.297251911994227 -17.53874965488033 -18.11146289922539 -18.830944697371326 -19.103638881385304 -18.109023889408288 -17.11498475962599 -16.121617503746425 -15.129040462513645 -14.137401133405376 -13.146885647136298 -12.15773216730351 -11.17025023663456 -10.184849375600875 -9.202082511924672 -8.222714012138107 -7.24783018890718 -6.279026701368952 -5.318743357806675 -4.370902299477738 -3.4422304068040503 -2.545328925426122 -1.7071067811865475 -1.0 -1.0 -1.0 -1.0 -1.7071067811865475 -2.545328925426122 -3.4422304068040503 -4.370902299477738 -5.318743357806675 -6.279026701368952 -7.24783018890718 -8.222714012138107 -9.202082511924672 -10.184849375600875 -11.17025023663456 -12.15773216730351 -13.146885647136298 -14.137401133405376 -15.129040462513645 -16.121617503746425 -17.11498475962599 -18.109023889408288 -19.103638881385304 -18.830944697371326 -18.11146289922539 -17.53874965488033 -17.297251911994227 -17.11498475962599 -17.0 -17.11498475962599 -17.297251911994227 -17.53874965488033 -17.834090875355894 -18.178837514265396 -18.569061316563626 -19.001188598459663 -19.471934238039893 -19.97826832417165 -20.517395512564278 -21.086739326248072 -21.6839282897238 -22.306782705417266 -22.953301696842303 -23.621650481330164 -24.31014795991116 -25.017254741097705 -25.741561703935993 -26.481779179727884 -27.23672680334202 -28.00532405924706 -28.78658152622459 -29.57959280842067 -30.38352712855744 -31.197622551058384 -32.02117979779443 -32.85355661646093 -33.69416266065071 -34.54245484102865 -35.39793310823349 -36.2601366299662 -37.12864032691028 -38.00305173451648 -38.88300816016969 -39.768174107696595 -40.65823894357372 -41.55291478146727 -42.45193456388811 -43.35505032173068 -44.26203159432429 
-23.584909225432902 -22.877802444246356 -22.190403804771027 -21.52444494149992 -20.88182770880979 -20.26463980561814 -19.675171151282985 -19.115930923138208 -18.589665263851 -18.0993759725549 -17.64834128087419 -17.240141740885804 -16.878699037685145 -16.56834827391425 -16.31400286665142 -16.121617503746425 -16.0 -16.121617503746425 -16.31400286665142 -16.56834827391425 -17.291707118671283 -18.136433400028533 -19.036658873152977 -18.282151341107685 -17.297251911994227 -16.31400286665142 -15.332683411968105 -14.353638188734033 -13.377297297496378 -12.40420404843012 -11.435054105534864 -10.470751813193187 -9.512493081858725 -8.561890495036451 -7.62116773383169 -6.693472160084702 -5.783398008298223 -4.897906023141617 -4.048043048748443 -3.2524357066126695 -2.545328925426122 -2.0 -2.0 -2.0 -2.0 -2.545328925426122 -3.2524357066126695 -4.048043048748443 -4.897906023141617 -5.783398008298223 -6.693472160084702 -7.62116773383169 -8.561890495036451 -9.512493081858725 -10.470751813193187 -11.435054105534864 -12.40420404843012 -13.377297297496378 -14.353638188734033 -15.332683411968105 -16.31400286665142 -17.297251911994227 -18.282151341107685 -19.036658873152977 -18.136433400028533 -17.291707118671283 -16.56834827391425 -16.31400286665142 -16.121617503746425 -16.0 -16.121617503746425 -16.31400286665142 -16.56834827391425 -16.878699037685145 -17.240141740885804 -17.64834128087419 -18.0993759725549 -18.589665263851 -19.115930923138208 -19.675171151282985 -20.26463980561814 -20.88182770880979 -21.52444494149992 -22.190403804771027 -22.877802444246356 -23.584909225432902 -24.31014795991116 -25.052084058479526 -25.809411654833767 -26.580941712325565 -27.365591100727983 -28.162372610642546 -28.970385859749 -29.788809036596042 -30.616891423028157 -31.45394663466942 -32.29934651934341 -33.15251565523911 -34.012926393530385 -34.88009439363141 -35.75357460305238 -36.6329576376877 -37.51786652220225 -38.40795375386296 -39.30289865665859 -40.2024049958084 -41.106198825753715 -42.014026547500464 -42.925653153671774 -43.84086064190233 
-22.877802444246356 -22.15152211927009 -21.444415338083544 -20.758257567387282 -20.095011915784568 -19.456848554392685 -18.846165501588978 -18.26561071530178 -17.71810550638149 -17.206869554146305 -16.735448551385538 -16.307747418561274 -15.928076923789783 -15.601234829790823 -15.332683411968105 -15.129040462513645 -15.0 -15.129040462513645 -15.332683411968105 -15.601234829790823 -16.601234829790823 -17.601234829790823 -18.601234829790823 -18.511980616299397 -17.53874965488033 -16.56834827391425 -15.601234829790823 -14.637969479025305 -13.6792433881311 -12.725918386701707 -11.779081608502635 -10.840122036848058 -9.910839712752146 -8.993604758307079 -8.09159433991453 -7.209155215504603 -6.35237578860828 -5.530022892636349 -4.755149829934991 -4.048043048748443 -3.4422304068040503 -3.0 -3.0 -3.0 -3.0 -3.4422304068040503 -4.048043048748443 -4.755149829934991 -5.530022892636349 -6.35237578860828 -7.209155215504603 -8.09159433991453 -8.993604758307079 -9.910839712752146 -10.840122036848058 -11.779081608502635 -12.725918386701707 -13.6792433881311 -14.637969479025305 -15.601234829790823 -16.56834827391425 -17.53874965488033 -18.511980616299397 -18.601234829790823 -17.601234829790823 -16.601234829790823 -15.601234829790823 -15.332683411968105 -15.129040462513645 -15.0 -15.129040462513645 -15.332683411968105 -15.601234829790823 -15.928076923789783 -16.307747418561274 -16.735448551385538 -17.206869554146305 -17.71810550638149 -18.26561071530178 -18.846165501588978 -19.456848554392685 -20.095011915784568 -20.758257567387282 -21.444415338083544 -22.15152211927009 -22.877802444246356 -23.621650481330164 -24.38161345834753 -25.156376501262233 -25.944748840322955 -26.745651315523144 -27.55810509913954 -28.381221545428836 -29.214193074757542 -30.05628500023133 -30.906828208125166 -31.765212608237444 -32.6308812760472 -33.50332521473148 -34.382078671389046 -35.26671494796668 -36.15684265326131 -37.052102347853086 -37.95216353892279 -38.856721986538645 -39.76549728721381 -40.67823070433174 -41.59468321843955 -42.51463377344735 -43.43787769749003 
-22.190403804771027 -21.444415338083544 -20.716962581051693 -20.009855799865147 -19.325110932425606 -18.66497343228164 -18.03194431535083 -17.428808441042783 -16.85866510638726 -16.324961260639505 -15.831528344187538 -15.382625634470118 -14.982997961167952 -14.637969479025305 -14.353638188734033 -14.137401133405376 -14.0 -14.137401133405376 -14.353638188734033 -14.637969479025305 -1.7976931348623157E308 -1.7976931348623157E308 -1.7976931348623157E308 -1.7976931348623157E308 -1.7976931348623157E308 -1.7976931348623157E308 -1.7976931348623157E308 -1.7976931348623157E308 -1.7976931348623157E308 -1.7976931348623157E308 -1.7976931348623157E308 -1.7976931348623157E308 -1.7976931348623157E308 -1.7976931348623157E308 -1.7976931348623157E308 -1.7976931348623157E308 -1.7976931348623157E308 -1.7976931348623157E308 -1.7976931348623157E308 -1.7976931348623157E308 -1.7976931348623157E308 -1.7976931348623157E308 -4.0 -4.0 -1.7976931348623157E308 -1.7976931348623157E308 -1.7976931348623157E308 -1.7976931348623157E308 -1.7976931348623157E308 -1.7976931348623157E308 -1.7976931348623157E308 -1.7976931348623157E308 -1.7976931348623157E308 -1.7976931348623157E308 -1.7976931348623157E308 -1.7976931348623157E308 -1.7976931348623157E308 -1.7976931348623157E308 -1.7976931348623157E308 -1.7976931348623157E308 -1.7976931348623157E308 -1.7976931348623157E308 -1.7976931348623157E308 -1.7976931348623157E308 -1.7976931348623157E308 -1.7976931348623157E308 -14.637969479025305 -14.353638188734033 -14.137401133405376 -14.0 -14.137401133405376 -14.353638188734033 -14.637969479025305 -14.982997961167952 -15.382625634470118 -15.831528344187538 -16.324961260639505 -16.85866510638726 -17.428808441042783 -18.03194431535083 -18.66497343228164 -19.325110932425606 -20.009855799865147 -20.716962581051693 -21.444415338083544 -22.190403804771027 -22.953301696842303 -23.731647094938758 -24.524124789256934 -25.329550453618495 -26.146856504908992 -26.975079499798476 -27.813348922521143 -28.660877223432 -29.516950976595034 -30.380923034632907 -31.25220556964648 -32.130263899628865 -33.014611010054935 -33.904802689997695 -34.80043321107114 -35.701131485670885 -36.60655764836794 -37.516400010928145 -38.43037234733686 -39.34821147043677 -40.269675066412304 -41.194539757433475 -42.12259936635946 -43.05366336053852 
-21.52444494149992 -20.758257567387282 -20.009855799865147 -19.28107293335744 -18.573966152170893 -17.890845447309076 -17.234305852685768 -16.607263203123573 -16.012993654206234 -15.45517740417762 -14.93794770585183 -14.465948088802602 -14.044405745927273 -13.6792433881311 -13.377297297496378 -13.146885647136298 -13.0 -13.146885647136298 -13.377297297496378 -13.6792433881311 -1.7976931348623157E308 -1.7976931348623157E308 -1.7976931348623157E308 -1.7976931348623157E308 -1.7976931348623157E308 -1.7976931348623157E308 -1.7976931348623157E308 -1.7976931348623157E308 -1.7976931348623157E308 -1.7976931348623157E308 -1.7976931348623157E308 -1.7976931348623157E308 -1.7976931348623157E308 -1.7976931348623157E308 -1.7976931348623157E308 -1.7976931348623157E308 -1.7976931348623157E308 -1.7976931348623157E308 -1.7976931348623157E308 -1.7976931348623157E308 -1.7976931348623157E308 -1.7976931348623157E308 -5.0 -5.0 -1.7976931348623157E308 -1.7976931348623157E308 -1.7976931348623157E308 -1.7976931348623157E308 -1.7976931348623157E308 -1.7976931348623157E308 -1.7976931348623157E308 -1.7976931348623157E308 -1.7976931348623157E308 -1.7976931348623157E308 -1.7976931348623157E308 -1.7976931348623157E308 -1.7976931348623157E308 -1.7976931348623157E308 -1.7976931348623157E308 -1.7976931348623157E308 -1.7976931348623157E308 -1.7976931348623157E308 -1.7976931348623157E308 -1.7976931348623157E308 -1.7976931348623157E308 -1.7976931348623157E308 -13.6792433881311 -13.377297297496378 -13.146885647136298 -13.0 -13.146885647136298 -13.377297297496378 -13.6792433881311 -14.044405745927273 -14.465948088802602 -14.93794770585183 -15.45517740417762 -16.012993654206234 -16.607263203123573 -17.234305852685768 -17.890845447309076 -18.573966152170893 -19.28107293335744 -20.009855799865147 -20.758257567387282 -21.52444494149992 -22.306782705417266 -23.10381077768538 -23.914223892382587 -24.736853651545342 -25.570652705438516 -26.414680828550775 -27.268092675488642 -28.130127019329024 -29.000097294064542 -29.877383281555108 -30.761423801260488 -31.651710277609013 -32.547781074981266 -33.449216503902576 -34.35563441417321 -35.26668630140437 -36.1820538628684 -37.10144594685515 -38.0245958469335 -38.951258898827106 -39.88121034305499 -40.81424342126611 -41.750167678287355 -42.688807445493836 
-20.88182770880979 -20.095011915784568 -19.325110932425606 -18.573966152170893 -17.843660666371235 -17.13655388518469 -16.455320926239903 -15.80299726251091 -15.183029178337563 -14.599330782889746 -14.056348952730332 -13.55913936963239 -13.113461895607204 -12.725918386701707 -12.40420404843012 -12.15773216730351 -12.0 -12.15773216730351 -12.40420404843012 -12.725918386701707 -1.7976931348623157E308 -1.7976931348623157E308 -19.0 -19.146885647136283 -19.377297297496394 -19.67924338813104 -20.04440574592731 -20.465948088802648 -20.0 -19.0 -18.0 -17.0 -16.0 -15.0 -14.0 -13.0 -12.0 -11.0 -10.0 -9.0 -8.0 -7.0 -6.0 -6.0 -7.0 -8.0 -9.0 -10.0 -11.0 -12.0 -13.0 -14.0 -15.0 -16.0 -17.0 -18.0 -19.0 -20.0 -20.465948088802648 -20.04440574592731 -19.67924338813104 -19.377297297496394 -19.146885647136283 -19.0 -1.7976931348623157E308 -1.7976931348623157E308 -12.725918386701707 -12.40420404843012 -12.15773216730351 -12.0 -12.15773216730351 -12.40420404843012 -12.725918386701707 -13.113461895607204 -13.55913936963239 -14.056348952730332 -14.599330782889746 -15.183029178337563 -15.80299726251091 -16.455320926239903 -17.13655388518469 -17.843660666371235 -18.573966152170893 -19.325110932425606 -20.095011915784568 -20.88182770880979 -21.6839282897238 -22.499868518842245 -23.328365049719068 -24.16827623435432 -25.018584650098695 -25.87838191246424 -26.746855474680636 -27.623277149998998 -28.506993125478672 -29.39741526579511 -30.294013532311716 -31.1963093662892 -32.10386990583047 -33.01630292420611 -33.93325239284652 -34.85439458578052 -35.77943465391489 -36.70810360753404 -37.64015565394575 -38.57536584454691 -39.51352799186222 -40.454452822495945 -41.39796633655364 -42.34390834804989 
-20.26463980561814 -19.456848554392685 -18.66497343228164 -17.890845447309076 -17.13655388518469 -16.404487183546603 -15.697380402360055 -15.01837023353067 -14.37105862274359 -13.759586338361045 -13.188718483881017 -12.663945765350903 -12.191610482034918 -11.779081608502635 -11.435054105534864 -11.17025023663456 -11.0 -11.17025023663456 -11.435054105534864 -11.779081608502635 -1.7976931348623157E308 -1.7976931348623157E308 -18.0 -18.15773216730348 -18.40420404843012 -18.72591838670166 -19.113461895607198 -19.559139369632312 -20.05634895273029 -19.146885647136283 -18.15773216730348 -17.170250236634494 -16.184849375600894 -15.20208251192469 -14.222714012138091 -13.247830188907157 -12.279026701368943 -11.318743357806644 -10.370902299477729 -9.44223040680405 -8.54532892542612 -7.707106781186548 -7.0 -7.0 -7.707106781186548 -8.54532892542612 -9.44223040680405 -10.370902299477729 -11.318743357806644 -12.279026701368943 -13.247830188907157 -14.222714012138091 -15.20208251192469 -16.184849375600894 -17.170250236634494 -18.15773216730348 -19.146885647136283 -20.05634895273029 -19.559139369632312 -19.113461895607198 -18.72591838670166 -18.40420404843012 -18.15773216730348 -18.0 -1.7976931348623157E308 -1.7976931348623157E308 -11.779081608502635 -11.435054105534864 -11.17025023663456 -11.0 -11.17025023663456 -11.435054105534864 -11.779081608502635 -12.191610482034918 -12.663945765350903 -13.188718483881017 -13.759586338361045 -14.37105862274359 -15.01837023353067 -15.697380402360055 -16.404487183546603 -17.13655388518469 -17.890845447309076 -18.66497343228164 -19.456848554392685 -20.26463980561814 -21.086739326248072 -21.921732252460053 -22.768370854816173 -23.625552361722125 -24.49229993807066 -25.36774635981567 -26.251119989032073 -27.141732710687418 -28.03896954201109 -28.942279668380102 -29.85116869664161 -30.76519194842382 -31.68394864289236 -32.607076841242844 -33.534249044540715 -34.46516835285595 -35.399565107431556 -36.337193949283105 -37.277831237462294 -38.2212727785379 -39.16733182587509 -40.115837313257664 -41.06663229243652 -42.01957254847386 
-19.675171151282985 -18.846165501588978 -18.03194431535083 -17.234305852685768 -16.455320926239903 -15.697380402360055 -14.96325153722373 -14.256144756037182 -13.579792772708332 -12.938544382842753 -12.337476101309242 -11.782526807003176 -11.280665956554785 -10.840122036848058 -10.470751813193187 -10.184849375600875 -10.0 -10.184849375600875 -10.470751813193187 -10.840122036848058 -1.7976931348623157E308 -1.7976931348623157E308 -17.0 -17.170250236634494 -17.435054105534846 -17.779081608502636 -18.19161048203486 -18.66394576535084 -19.18871848388101 -19.377297297496394 -18.40420404843012 -17.435054105534846 -16.470751813193196 -15.512493081858674 -14.5618904950364 -13.621167733831637 -12.6934721600847 -11.783398008298203 -10.897906023141607 -10.048043048748427 -9.252435706612667 -8.54532892542612 -8.0 -8.0 -8.54532892542612 -9.252435706612667 -10.048043048748427 -10.897906023141607 -11.783398008298203 -12.6934721600847 -13.621167733831637 -14.5618904950364 -15.512493081858674 -16.470751813193196 -17.435054105534846 -18.40420404843012 -19.377297297496394 -19.18871848388101 -18.66394576535084 -18.19161048203486 -17.779081608502636 -17.435054105534846 -17.170250236634494 -17.0 -1.7976931348623157E308 -1.7976931348623157E308 -10.840122036848058 -10.470751813193187 -10.184849375600875 -10.0 -10.184849375600875 -10.470751813193187 -10.840122036848058 -11.280665956554785 -11.782526807003176 -12.337476101309242 -12.938544382842753 -13.579792772708332 -14.256144756037182 -14.96325153722373 -15.697380402360055 -16.455320926239903 -17.234305852685768 -18.03194431535083 -18.846165501588978 -19.675171151282985 -20.517395512564278 -21.37147157498455 -22.23620257597919 -23.110537930644682 -23.99355286901239 -24.884431180399837 -25.782450562671592 -26.686970157231354 -27.59741992020593 -28.513291538475 -29.434130647651212 -30.359530149382877 -31.2891244587686 -32.22258454039635 -33.15961361451418 -34.09994343392915 -35.043331048085676 -35.98955598396919 -36.93841778444965 -37.88973385386588 -38.84333756828427 -39.799076614297775 -40.75681152559123 -41.716414391031705 
-19.115930923138208 -18.26561071530178 -17.428808441042783 -16.607263203123573 -15.80299726251091 -15.01837023353067 -14.256144756037182 -13.519566182735492 -12.812459401548944 -12.13934670958893 -11.505591926228872 -10.917578434678463 -10.382934897267287 -9.910839712752146 -9.512493081858725 -9.202082511924672 -9.0 -9.202082511924672 -9.512493081858725 -9.910839712752146 -1.7976931348623157E308 -1.7976931348623157E308 -16.0 -16.184849375600894 -16.470751813193196 -16.84012203684808 -17.280665956554802 -17.782526807003144 -18.337476101309292 -18.93854438284282 -18.72591838670166 -17.779081608502636 -16.84012203684808 -15.910839712752091 -14.993604758307043 -14.091594339914533 -13.209155215504618 -12.352375788608258 -11.530022892636323 -10.755149829934975 -10.048043048748427 -9.44223040680405 -9.0 -9.0 -9.44223040680405 -10.048043048748427 -10.755149829934975 -11.530022892636323 -12.352375788608258 -13.209155215504618 -14.091594339914533 -14.993604758307043 -15.910839712752091 -16.84012203684808 -17.779081608502636 -18.72591838670166 -18.93854438284282 -18.337476101309292 -17.782526807003144 -17.280665956554802 -16.84012203684808 -16.470751813193196 -16.184849375600894 -16.0 -1.7976931348623157E308 -1.7976931348623157E308 -9.910839712752146 -9.512493081858725 -9.202082511924672 -9.0 -9.202082511924672 -9.512493081858725 -9.910839712752146 -10.382934897267287 -10.917578434678463 -11.505591926228872 -12.13934670958893 -12.812459401548944 -13.519566182735492 -14.256144756037182 -15.01837023353067 -15.80299726251091 -16.607263203123573 -17.428808441042783 -18.26561071530178 -19.115930923138208 -19.97826832417165 -20.851323442621737 -21.73396727662357 -22.62521567937013 -23.524207986629108 -24.430189136661294 -25.34249466821816 -26.260538095751944 -27.183800253000005 -28.111820270699653 -29.04418791466145 -29.980537059478852 -30.920540112983527 -31.863903238949497 -32.81036225194304 -33.75967907975779 -34.71163870651695 -35.66604652396482 -36.62272603037863 -37.58151682631769 -38.54227286452922 -39.50486091803914 -40.46915923603104 -41.43505636175581 
