<?xml version="1.0" encoding="UTF-8" standalone="yes"?>
<output>
    <algorithm>eEuclid</algorithm>
    <cellsize>40.0cm</cellsize>
    <deviation>1.44</deviation>
    <distanceMap>-11.320777358467925 -11.113955191559844 -10.917875251164945 -10.733126291998992 -10.56030302595527 -10.4 -10.252804494381039 -10.119288512538816 -10.0 -9.895453501482386 -9.806120537705011 -9.732420048477152 -9.674709297958259 -9.633275663033837 -9.60832971957145 -9.600000000000001 -9.600000000000001 -9.60832971957145 -9.633275663033837 -9.674709297958259 -1.7976931348623157E308 -1.7976931348623157E308 -1.7976931348623157E308 -1.7976931348623157E308 -1.7976931348623157E308 -1.7976931348623157E308 -1.7976931348623157E308 -1.7976931348623157E308 -1.7976931348623157E308 -1.7976931348623157E308 -1.7976931348623157E308 -1.7976931348623157E308 -1.7976931348623157E308 -1.7976931348623157E308 -1.7976931348623157E308 -1.7976931348623157E308 -1.7976931348623157E308 -1.7976931348623157E308 -1.7976931348623157E308 -1.7976931348623157E308 -1.7976931348623157E308 -1.7976931348623157E308 -1.7976931348623157E308 -1.7976931348623157E308 -1.7976931348623157E308 -1.7976931348623157E308 -1.7976931348623157E308 -1.7976931348623157E308 -1.7976931348623157E308 -1.7976931348623157E308 -1.7976931348623157E308 -1.7976931348623157E308 -1.7976931348623157E308 -1.7976931348623157E308 -1.7976931348623157E308 -1.7976931348623157E308 -1.7976931348623157E308 -1.7976931348623157E308 -1.7976931348623157E308 -1.7976931348623157E308 -1.7976931348623157E308 -1.7976931348623157E308 -1.7976931348623157E308 -1.7976931348623157E308 -1.7976931348623157E308 -1.7976931348623157E308 
-10.983624174196786 -10.77032961426901 -10.567875850898325 -10.376897416858277 -10.19803902718557 -10.031948963187563 -9.879271228182775 -9.740636529508738 -9.616652224137047 -9.50789145920377 -9.414881836751857 -9.338094023943002 -9.277930803794561 -9.234717104492157 -9.20869154657707 -9.200000000000001 -9.200000000000001 -9.20869154657707 -9.234717104492157 -9.277930803794561 -1.7976931348623157E308 -1.7976931348623157E308 -1.7976931348623157E308 -1.7976931348623157E308 -1.7976931348623157E308 -1.7976931348623157E308 -1.7976931348623157E308 -1.7976931348623157E308 -1.7976931348623157E308 -1.7976931348623157E308 -1.7976931348623157E308 -1.7976931348623157E308 -1.7976931348623157E308 -1.7976931348623157E308 -1.7976931348623157E308 -1.7976931348623157E308 -1.7976931348623157E308 -1.7976931348623157E308 -1.7976931348623157E308 -1.7976931348623157E308 -1.7976931348623157E308 -1.7976931348623157E308 -1.7976931348623157E308 -1.7976931348623157E308 -1.7976931348623157E308 -1.7976931348623157E308 -1.7976931348623157E308 -1.7976931348623157E308 -1.7976931348623157E308 -1.7976931348623157E308 -1.7976931348623157E308 -1.7976931348623157E308 -1.7976931348623157E308 -1.7976931348623157E308 -1.7976931348623157E308 -1.7976931348623157E308 -1.7976931348623157E308 -1.7976931348623157E308 -1.7976931348623157E308 -1.7976931348623157E308 -1.7976931348623157E308 -1.7976931348623157E308 -1.7976931348623157E308 -1.7976931348623157E308 -1.7976931348623157E308 -1.7976931348623157E308 
-10.650821564555478 -10.43072384832424 -10.22154587134451 -10.023971268913336 -9.838699100999076 -9.666436778875658 -9.50789145920377 -9.363759928575702 -9.234717104492157 -9.121403400793104 -9.024411338142782 -8.94427190999916 -8.881441324469808 -8.836288813749809 -8.809086218218097 -8.8 -8.8 -8.809086218218097 -8.836288813749809 -8.881441324469808 -1.7976931348623157E308 -1.7976931348623157E308 -9.121403400793104 -9.234717104492157 -9.363759928575702 -9.50789145920377 -9.666436778875658 -9.838699100999076 -10.023971268913336 -10.22154587134451 -10.43072384832424 -10.650821564555478 -10.881176406988356 -11.121151019566277 -11.370136322841518 -11.627553482998907 -11.892854997854805 -12.16552506059644 -12.445079348883237 -12.731064370271639 -13.023056476879766 -13.320660644277371 -13.623509092741124 -13.9312598138144 -14.243595051811887 -14.560219778561038 -14.88086019019062 -15.20526224699857 -15.53319027115808 -15.864425612041552 -16.19876538505327 -16.419500601419035 -16.64692163734785 -16.880758276807352 -17.120747647226157 -17.36663467687393 -17.618172436436193 -17.875122377203464 -18.137254478007417 -18.404347312523747 -18.676188047886004 -18.952572384771415 -19.233304448274094 -19.518196638009364 -1.7976931348623157E308 -1.7976931348623157E308 
-10.322790320451153 -10.09554357129917 -9.879271228182775 -9.674709297958259 -9.482615672903759 -9.303762679690406 -9.138927727036691 -8.988882021697693 -8.854377448471462 -8.736131867136622 -8.634813257969162 -8.55102333057278 -8.485281374238571 -8.438009243891596 -8.409518416651457 -8.4 -8.4 -8.409518416651457 -8.438009243891596 -8.485281374238571 -1.7976931348623157E308 -1.7976931348623157E308 -8.736131867136622 -8.854377448471462 -8.988882021697693 -9.138927727036691 -9.303762679690406 -9.482615672903759 -9.674709297958259 -9.879271228182775 -10.09554357129917 -10.322790320451153 -10.56030302595527 -10.807404868885037 -11.063453348751466 -11.327841806805038 -11.600000000000001 -11.879393923933998 -12.16552506059644 -12.457929201917949 -12.756174975281581 -13.059862173851608 -13.368619973654724 -13.682105101189658 -14.0 -14.322011031974526 -14.647866738880445 -14.977316181479246 -15.310127367203712 -15.646085772486357 -15.864425612041552 -16.089748288895013 -16.321764610482532 -16.560193235587562 -16.804761230080004 -17.055204484262273 -17.311268006705923 -17.57270610919104 -17.839282496782207 -18.110770276274835 -18.386951895297926 -18.667619023324857 -18.952572384771415 -19.24162155328911 -1.7976931348623157E308 -1.7976931348623157E308 
-10.0 -9.765244492586962 -9.54148835350125 -9.329523031752482 -9.130169768410662 -8.94427190999916 -8.772684879784524 -8.616263691415206 -8.475848040166836 -8.35224520712844 -8.246211251235321 -8.158431221748456 -8.089499366462674 -8.039900496896712 -8.009993757800315 -8.0 -8.0 -8.009993757800315 -8.039900496896712 -8.089499366462674 -1.7976931348623157E308 -1.7976931348623157E308 -8.35224520712844 -8.475848040166836 -8.616263691415206 -8.772684879784524 -8.94427190999916 -9.130169768410662 -9.329523031752482 -9.54148835350125 -9.765244492586962 -10.0 -10.244998779892558 -10.49952379872535 -10.762899237658969 -11.034491379306978 -11.313708498984761 -11.600000000000001 -11.892854997854805 -12.191800523302538 -12.496399481450647 -12.806248474865697 -13.120975573485381 -13.440238093129153 -13.763720427268204 -14.091131963046829 -14.422205101855958 -14.756693396557374 -15.094369811290566 -15.310127367203712 -15.53319027115808 -15.763248396190427 -16.0 -16.243152403397563 -16.492422502470642 -16.747537132366656 -17.00823330037544 -17.27425830535135 -17.54536975956905 -17.82133552795637 -18.10193359837562 -18.386951895297926 -18.676188047886004 -18.969449122207003 -1.7976931348623157E308 -1.7976931348623157E308 
-9.682974749528164 -9.440338976964759 -9.20869154657707 -8.988882021697693 -8.78179936004006 -8.588364221433556 -8.409518416651457 -8.246211251235321 -8.099382692526635 -7.96994353806851 -7.8587530817554 -7.76659513557904 -7.694153624668537 -7.64198926981712 -7.6105190361761785 -7.6000000000000005 -7.6000000000000005 -7.6105190361761785 -7.64198926981712 -7.694153624668537 -1.7976931348623157E308 -1.7976931348623157E308 -7.96994353806851 -8.099382692526635 -8.246211251235321 -8.409518416651457 -8.588364221433556 -8.78179936004006 -8.988882021697693 -9.20869154657707 -9.440338976964759 -9.682974749528164 -9.935793878699378 -10.19803902718557 -10.469001862641921 -10.748023074035522 -11.034491379306978 -11.327841806805038 -11.627553482998907 -11.93314711214104 -12.244182292011175 -12.560254774486067 -12.880993750483695 -13.206059215375342 -13.535139452550906 -13.867948658687773 -14.204224723651762 -14.543727170158276 -14.756693396557374 -14.977316181479246 -15.20526224699857 -15.440207252495027 -15.681836627130128 -15.929846201391904 -16.18394265931513 -16.443843832875572 -16.70927885936434 -16.9799882214329 -17.255723688098396 -17.53624817342638 -17.82133552795637 -18.110770276274835 -18.404347312523747 -18.701871564097537 -1.7976931348623157E308 -1.7976931348623157E308 
-9.372299611087985 -9.121403400793104 -8.881441324469808 -8.653323061113575 -8.438009243891596 -8.236504112789602 -8.049844718999244 -7.879086241436884 -7.725283166331187 -7.589466384404111 -7.472616676907762 -7.37563556583431 -7.299315036357864 -7.244308110509934 -7.211102550927979 -7.2 -7.2 -7.211102550927979 -7.244308110509934 -7.299315036357864 -1.7976931348623157E308 -1.7976931348623157E308 -7.589466384404111 -7.725283166331187 -7.879086241436884 -8.049844718999244 -8.236504112789602 -8.438009243891596 -8.653323061113575 -8.881441324469808 -9.121403400793104 -9.372299611087985 -9.633275663033837 -9.903534722511958 -10.182337649086286 -10.469001862641921 -10.762899237658969 -11.063453348751466 -11.370136322841518 -11.682465493208188 -12.0 -12.32233744059949 -12.649110640673518 -12.979984591670362 -13.314653581674591 -13.65283853270081 -13.994284547628721 -14.204224723651762 -14.422205101855958 -14.647866738880445 -14.88086019019062 -15.12084653714864 -15.367498169838838 -15.620499351813308 -15.879546593023367 -16.144348856488453 -16.414627622946554 -16.690116836020053 -16.970562748477143 -17.255723688098396 -17.54536975956905 -17.839282496782207 -18.137254478007417 -18.439088914585778 -1.7976931348623157E308 -1.7976931348623157E308 
-9.068627239003709 -8.809086218218097 -8.560373823613078 -8.323460818673926 -8.099382692526635 -7.889233169326409 -7.694153624668537 -7.515317691222375 -7.353910524340094 -7.211102550927979 -7.08801805866774 -6.985699678629192 -6.905070600652827 -6.846897107449476 -6.811754546370562 -6.800000000000001 -6.800000000000001 -6.811754546370562 -6.846897107449476 -6.905070600652827 -1.7976931348623157E308 -1.7976931348623157E308 -7.211102550927979 -7.353910524340094 -7.515317691222375 -7.694153624668537 -7.889233169326409 -8.099382692526635 -8.323460818673926 -8.560373823613078 -8.809086218218097 -9.068627239003709 -9.338094023943002 -9.616652224137047 -9.903534722511958 -10.19803902718557 -10.49952379872535 -10.807404868885037 -11.121151019566277 -11.440279716860074 -11.764352935882194 -12.09297316626478 -12.425779653607254 -12.762444906835054 -13.10267148332736 -13.446189051177289 -13.65283853270081 -13.867948658687773 -14.091131963046829 -14.322011031974526 -14.560219778561038 -14.805404418657398 -15.05722417977497 -15.315351775261318 -15.579473675320358 -15.849290204927161 -16.1245154965971 -16.404877323527902 -16.690116836020053 -16.9799882214329 -17.27425830535135 -17.57270610919104 -17.875122377203464 -18.18130908378162 -1.7976931348623157E308 -1.7976931348623157E308 
-8.772684879784524 -8.50411665018772 -8.246211251235321 -8.0 -7.76659513557904 -7.547184905645283 -7.3430239002743285 -7.155417527999328 -6.985699678629192 -6.835202996254025 -6.705221845696085 -6.596969000988257 -6.511528238439883 -6.449806198638839 -6.412487816752559 -6.4 -6.4 -6.412487816752559 -6.449806198638839 -6.511528238439883 -1.7976931348623157E308 -1.7976931348623157E308 -6.835202996254025 -6.985699678629192 -7.155417527999328 -7.3430239002743285 -7.547184905645283 -7.76659513557904 -8.0 -8.246211251235321 -8.50411665018772 -8.772684879784524 -9.05096679918781 -9.338094023943002 -9.633275663033837 -9.935793878699378 -10.244998779892558 -10.56030302595527 -10.881176406988356 -11.207140580897521 -11.537764081484767 -11.872657663724665 -12.211470017978998 -12.553883861180173 -12.899612397277679 -13.10267148332736 -13.314653581674591 -13.535139452550906 -13.763720427268204 -14.0 -14.243595051811887 -14.494136745594751 -14.75127113166862 -15.014659503298768 -15.28397853963424 -15.558920271021378 -15.839191898578665 -16.1245154965971 -16.414627622946554 -16.70927885936434 -17.00823330037544 -17.311268006705923 -17.618172436436193 -17.928747864811978 -1.7976931348623157E308 -1.7976931348623157E308 
-8.485281374238571 -8.207313811473277 -7.939773296511683 -7.683749084919419 -7.44043009509531 -7.211102550927979 -6.997142273814361 -6.800000000000001 -6.6211781428987395 -6.4621977685614045 -6.324555320336759 -6.20966987850401 -6.118823416311343 -6.053098380168623 -6.013318551349164 -6.0 -6.0 -6.013318551349164 -6.053098380168623 -6.118823416311343 -1.7976931348623157E308 -1.7976931348623157E308 -6.4621977685614045 -6.6211781428987395 -6.800000000000001 -6.997142273814361 -7.211102550927979 -7.44043009509531 -7.683749084919419 -7.939773296511683 -8.207313811473277 -8.485281374238571 -8.772684879784524 -9.068627239003709 -9.372299611087985 -9.682974749528164 -10.0 -10.322790320451153 -10.650821564555478 -10.983624174196786 -11.320777358467925 -11.661903789690601 -12.006664815842909 -12.354756169184402 -12.553883861180173 -12.762444906835054 -12.979984591670362 -13.206059215375342 -13.440238093129153 -13.682105101189658 -13.9312598138144 -14.18731828077456 -14.449913494550755 -14.718695594379279 -14.993331851193052 -15.273506473629428 -15.558920271021378 -15.849290204927161 -16.144348856488453 -16.443843832875572 -16.747537132366656 -17.055204484262273 -17.36663467687393 -17.681628884240276 -1.7976931348623157E308 -1.7976931348623157E308 
-8.207313811473277 -7.919595949289333 -7.64198926981712 -7.37563556583431 -7.121797525905944 -6.881860213634102 -6.6573267908372955 -6.449806198638839 -6.260990336999412 -6.092618484691127 -5.946427498927402 -5.824087911424415 -5.727128425310542 -5.656854249492381 -5.61426753904728 -5.6000000000000005 -5.6000000000000005 -5.61426753904728 -5.656854249492381 -5.727128425310542 -1.7976931348623157E308 -1.7976931348623157E308 -6.092618484691127 -6.260990336999412 -6.449806198638839 -6.6573267908372955 -6.881860213634102 -7.121797525905944 -7.37563556583431 -7.64198926981712 -7.919595949289333 -8.207313811473277 -8.50411665018772 -8.809086218218097 -9.121403400793104 -9.440338976964759 -9.765244492586962 -10.09554357129917 -10.43072384832424 -10.77032961426901 -11.113955191559844 -11.461239025515523 -11.81185844818672 -12.006664815842909 -12.211470017978998 -12.425779653607254 -12.649110640673518 -12.880993750483695 -13.120975573485381 -13.368619973654724 -13.623509092741124 -13.885243966167828 -14.153444810363306 -14.427751037497146 -14.707821048680188 -14.993331851193052 -15.28397853963424 -15.579473675320358 -15.879546593023367 -16.18394265931513 -16.492422502470642 -16.804761230080004 -17.120747647226157 -17.440183485273312 -1.7976931348623157E308 -1.7976931348623157E308 
-7.939773296511683 -7.64198926981712 -7.353910524340094 -7.076722405181653 -6.811754546370562 -6.560487786742691 -6.324555320336759 -6.105735008989499 -5.90592922409336 -5.727128425310542 -5.571355310873648 -5.440588203494178 -5.336665625650534 -5.261178575186363 -5.21536192416212 -5.2 -5.2 -5.21536192416212 -5.261178575186363 -5.336665625650534 -1.7976931348623157E308 -1.7976931348623157E308 -5.727128425310542 -5.90592922409336 -6.105735008989499 -6.324555320336759 -6.560487786742691 -6.811754546370562 -7.076722405181653 -7.353910524340094 -7.64198926981712 -7.939773296511683 -8.246211251235321 -8.560373823613078 -8.881441324469808 -9.20869154657707 -9.54148835350125 -9.879271228182775 -10.22154587134451 -10.567875850898325 -10.917875251164945 -11.271202242884298 -11.461239025515523 -11.661903789690601 -11.872657663724665 -12.09297316626478 -12.32233744059949 -12.560254774486067 -12.806248474865697 -13.059862173851608 -13.320660644277371 -13.588230201170425 -13.862178760930767 -14.142135623730951 -14.427751037497146 -14.718695594379279 -15.014659503298768 -15.315351775261318 -15.620499351813308 -15.929846201391904 -16.243152403397563 -16.560193235587562 -16.880758276807352 -17.204650534085257 -1.7976931348623157E308 -1.7976931348623157E308 
-7.683749084919419 -7.37563556583431 -7.076722405181653 -6.788225099390856 -6.511528238439883 -6.248199740725323 -6.0 -5.768882040742383 -5.556977595779922 -5.366563145999496 -5.2 -5.059644256269408 -4.947726750741193 -4.866210024238576 -4.8166378315169185 -4.800000000000001 -4.800000000000001 -4.8166378315169185 -4.866210024238576 -4.947726750741193 -1.7976931348623157E308 -1.7976931348623157E308 -5.366563145999496 -5.556977595779922 -5.768882040742383 -6.0 -6.248199740725323 -6.511528238439883 -6.788225099390856 -7.076722405181653 -7.37563556583431 -7.683749084919419 -8.0 -8.323460818673926 -8.653323061113575 -8.988882021697693 -9.329523031752482 -9.674709297958259 -10.023971268913336 -10.376897416858277 -10.733126291998992 -10.917875251164945 -11.113955191559844 -11.320777358467925 -11.537764081484767 -11.764352935882194 -12.0 -12.244182292011175 -12.496399481450647 -12.756174975281581 -13.023056476879766 -13.29661611087573 -13.576450198781712 -13.862178760930767 -14.153444810363306 -14.449913494550755 -14.75127113166862 -15.05722417977497 -15.367498169838838 -15.681836627130128 -16.0 -16.321764610482532 -16.64692163734785 -16.975276139138355 -1.7976931348623157E308 -1.7976931348623157E308 
-7.44043009509531 -7.121797525905944 -6.811754546370562 -6.511528238439883 -6.222539674441618 -5.946427498927402 -5.685068161420759 -5.440588203494178 -5.21536192416212 -5.011985634456668 -4.833218389437829 -4.681879964287851 -4.560701700396552 -4.47213595499958 -4.418144406874904 -4.4 -4.4 -4.418144406874904 -4.47213595499958 -4.560701700396552 -1.7976931348623157E308 -1.7976931348623157E308 -5.011985634456668 -5.21536192416212 -5.440588203494178 -5.685068161420759 -5.946427498927402 -6.222539674441618 -6.511528238439883 -6.811754546370562 -7.121797525905944 -7.44043009509531 -7.76659513557904 -8.099382692526635 -8.438009243891596 -8.78179936004006 -9.130169768410662 -9.482615672903759 -9.838699100999076 -10.19803902718557 -10.376897416858277 -10.567875850898325 -10.77032961426901 -10.983624174196786 -11.207140580897521 -11.440279716860074 -11.682465493208188 -11.93314711214104 -12.191800523302538 -12.457929201917949 -12.731064370271639 -13.010764773832475 -13.29661611087573 -13.588230201170425 -13.885243966167828 -14.18731828077456 -14.494136745594751 -14.805404418657398 -15.12084653714864 -15.440207252495027 -15.763248396190427 -16.089748288895013 -16.419500601419035 -16.75231327309754 -1.7976931348623157E308 -1.7976931348623157E308 
-7.211102550927979 -6.881860213634102 -6.560487786742691 -6.248199740725323 -5.946427498927402 -5.656854249492381 -5.3814496188294845 -5.122499389946279 -4.882622246293481 -4.664761515876241 -4.47213595499958 -4.308131845707603 -4.17612260356422 -4.079215610874228 -4.019950248448356 -4.0 -4.0 -4.019950248448356 -4.079215610874228 -4.17612260356422 -1.7976931348623157E308 -1.7976931348623157E308 -4.664761515876241 -4.882622246293481 -5.122499389946279 -5.3814496188294845 -5.656854249492381 -5.946427498927402 -6.248199740725323 -6.560487786742691 -6.881860213634102 -7.211102550927979 -7.547184905645283 -7.889233169326409 -8.236504112789602 -8.588364221433556 -8.94427190999916 -9.303762679690406 -9.666436778875658 -9.838699100999076 -10.023971268913336 -10.22154587134451 -10.43072384832424 -10.650821564555478 -10.881176406988356 -11.121151019566277 -11.370136322841518 -11.627553482998907 -11.892854997854805 -12.16552506059644 -12.445079348883237 -12.731064370271639 -13.023056476879766 -13.320660644277371 -13.623509092741124 -13.9312598138144 -14.243595051811887 -14.560219778561038 -14.88086019019062 -15.20526224699857 -15.53319027115808 -15.864425612041552 -16.19876538505327 -16.53602128687551 -1.7976931348623157E308 -1.7976931348623157E308 
-6.997142273814361 -6.6573267908372955 -6.324555320336759 -6.0 -5.685068161420759 -5.3814496188294845 -5.091168824543143 -4.8166378315169185 -4.560701700396552 -4.3266615305567875 -4.118252056394801 -3.939543120718442 -3.7947331922020555 -3.687817782917155 -3.622154055254967 -3.6 -3.6 -3.622154055254967 -3.687817782917155 -3.7947331922020555 -1.7976931348623157E308 -1.7976931348623157E308 -4.3266615305567875 -4.560701700396552 -4.8166378315169185 -5.091168824543143 -5.3814496188294845 -5.685068161420759 -6.0 -6.324555320336759 -6.6573267908372955 -6.997142273814361 -7.3430239002743285 -7.694153624668537 -8.049844718999244 -8.409518416651457 -8.772684879784524 -9.138927727036691 -9.303762679690406 -9.482615672903759 -9.674709297958259 -9.879271228182775 -10.09554357129917 -10.322790320451153 -10.56030302595527 -10.807404868885037 -11.063453348751466 -11.327841806805038 -11.600000000000001 -11.879393923933998 -12.16552506059644 -12.457929201917949 -12.756174975281581 -13.059862173851608 -13.368619973654724 -13.682105101189658 -14.0 -14.322011031974526 -14.647866738880445 -14.977316181479246 -15.310127367203712 -15.646085772486357 -15.98499296215047 -16.32666530556684 -1.7976931348623157E308 -1.7976931348623157E308 
-6.800000000000001 -6.449806198638839 -6.105735008989499 -5.768882040742383 -5.440588203494178 -5.122499389946279 -4.8166378315169185 -4.525483399593905 -4.25205832509386 -4.0 -3.7735924528226414 -3.577708763999664 -3.4176014981270124 -3.2984845004941286 -3.2249030993194197 -3.2 -3.2 -3.2249030993194197 -3.2984845004941286 -3.4176014981270124 -1.7976931348623157E308 -1.7976931348623157E308 -4.0 -4.25205832509386 -4.525483399593905 -4.8166378315169185 -5.122499389946279 -5.440588203494178 -5.768882040742383 -6.105735008989499 -6.449806198638839 -6.800000000000001 -7.155417527999328 -7.515317691222375 -7.879086241436884 -8.246211251235321 -8.616263691415206 -8.772684879784524 -8.94427190999916 -9.130169768410662 -9.329523031752482 -9.54148835350125 -9.765244492586962 -10.0 -10.244998779892558 -10.49952379872535 -10.762899237658969 -11.034491379306978 -11.313708498984761 -11.600000000000001 -11.892854997854805 -12.191800523302538 -12.496399481450647 -12.806248474865697 -13.120975573485381 -13.440238093129153 -13.763720427268204 -14.091131963046829 -14.422205101855958 -14.756693396557374 -15.094369811290566 -15.435025105259792 -15.778466338652818 -16.1245154965971 -1.7976931348623157E308 -1.7976931348623157E308 
-6.6211781428987395 -6.260990336999412 -5.90592922409336 -5.556977595779922 -5.21536192416212 -4.882622246293481 -4.560701700396552 -4.25205832509386 -3.9597979746446663 -3.687817782917155 -3.440930106817051 -3.2249030993194197 -3.0463092423455636 -2.9120439557122073 -2.8284271247461903 -2.8000000000000003 -2.8000000000000003 -2.8284271247461903 -2.9120439557122073 -3.0463092423455636 -1.7976931348623157E308 -1.7976931348623157E308 -3.687817782917155 -3.9597979746446663 -4.25205832509386 -4.560701700396552 -4.882622246293481 -5.21536192416212 -5.556977595779922 -5.90592922409336 -6.260990336999412 -6.6211781428987395 -6.985699678629192 -7.353910524340094 -7.725283166331187 -8.099382692526635 -8.246211251235321 -8.409518416651457 -8.588364221433556 -8.78179936004006 -8.988882021697693 -9.20869154657707 -9.440338976964759 -9.682974749528164 -9.935793878699378 -10.19803902718557 -10.469001862641921 -10.748023074035522 -11.034491379306978 -11.327841806805038 -11.627553482998907 -11.93314711214104 -12.244182292011175 -12.560254774486067 -12.880993750483695 -13.206059215375342 -13.535139452550906 -13.867948658687773 -14.204224723651762 -14.543727170158276 -14.886235252742717 -15.231546211727817 -15.579473675320358 -15.929846201391904 -1.7976931348623157E308 -1.7976931348623157E308 
-6.4621977685614045 -6.092618484691127 -5.727128425310542 -5.366563145999496 -5.011985634456668 -4.664761515876241 -4.3266615305567875 -4.0 -3.687817782917155 -3.394112549695428 -3.1240998703626617 -2.8844410203711917 -2.683281572999748 -2.529822128134704 -2.433105012119288 -2.4000000000000004 -2.4000000000000004 -2.433105012119288 -2.529822128134704 -2.683281572999748 -1.7976931348623157E308 -1.7976931348623157E308 -3.394112549695428 -3.687817782917155 -4.0 -4.3266615305567875 -4.664761515876241 -5.011985634456668 -5.366563145999496 -5.727128425310542 -6.092618484691127 -6.4621977685614045 -6.835202996254025 -7.211102550927979 -7.589466384404111 -7.725283166331187 -7.879086241436884 -8.049844718999244 -8.236504112789602 -8.438009243891596 -8.653323061113575 -8.881441324469808 -9.121403400793104 -9.372299611087985 -9.633275663033837 -9.903534722511958 -10.182337649086286 -10.469001862641921 -10.762899237658969 -11.063453348751466 -11.370136322841518 -11.682465493208188 -12.0 -12.32233744059949 -12.649110640673518 -12.979984591670362 -13.314653581674591 -13.65283853270081 -13.994284547628721 -14.338758663147937 -14.686047800548657 -15.035956903370002 -15.388307249337075 -15.742934923323544 -1.7976931348623157E308 -1.7976931348623157E308 
-6.324555320336759 -5.946427498927402 -5.571355310873648 -5.2 -4.833218389437829 -4.47213595499958 -4.118252056394801 -3.7735924528226414 -3.440930106817051 -3.1240998703626617 -2.8284271247461903 -2.5612496949731396 -2.3323807579381204 -2.1540659228538015 -2.039607805437114 -2.0 -2.0 -2.039607805437114 -2.1540659228538015 -2.3323807579381204 -1.7976931348623157E308 -1.7976931348623157E308 -3.1240998703626617 -3.440930106817051 -3.7735924528226414 -4.118252056394801 -4.47213595499958 -4.833218389437829 -5.2 -5.571355310873648 -5.946427498927402 -6.324555320336759 -6.705221845696085 -7.08801805866774 -7.211102550927979 -7.353910524340094 -7.515317691222375 -7.694153624668537 -7.889233169326409 -8.099382692526635 -8.323460818673926 -8.560373823613078 -8.809086218218097 -9.068627239003709 -9.338094023943002 -9.616652224137047 -9.903534722511958 -10.19803902718557 -10.49952379872535 -10.807404868885037 -11.121151019566277 -11.440279716860074 -11.764352935882194 -12.09297316626478 -12.425779653607254 -12.762444906835054 -13.10267148332736 -13.446189051177289 -13.792751719653333 -14.142135623730951 -14.494136745594751 -14.848568954616468 -15.20526224699857 -15.564061166674975 -1.7976931348623157E308 -1.7976931348623157E308 
-6.20966987850401 -5.824087911424415 -5.440588203494178 -5.059644256269408 -4.681879964287851 -4.308131845707603 -3.939543120718442 -3.577708763999664 -3.2249030993194197 -2.8844410203711917 -2.5612496949731396 -2.2627416997969525 -2.0 -1.788854381999832 -1.6492422502470643 -1.6 -1.6 -1.6492422502470643 -1.788854381999832 -2.0 -1.7976931348623157E308 -1.7976931348623157E308 -2.8844410203711917 -3.2249030993194197 -3.577708763999664 -3.939543120718442 -4.308131845707603 -4.681879964287851 -5.059644256269408 -5.440588203494178 -5.824087911424415 -6.20966987850401 -6.596969000988257 -6.705221845696085 -6.835202996254025 -6.985699678629192 -7.155417527999328 -7.3430239002743285 -7.547184905645283 -7.76659513557904 -8.0 -8.246211251235321 -8.50411665018772 -8.772684879784524 -9.05096679918781 -9.338094023943002 -9.633275663033837 -9.935793878699378 -10.244998779892558 -10.56030302595527 -10.881176406988356 -11.207140580897521 -11.537764081484767 -11.872657663724665 -12.211470017978998 -12.553883861180173 -12.899612397277679 -13.248396129343357 -13.600000000000001 -13.954210834009928 -14.310835055998655 -14.6696966567138 -15.03063538244475 -15.393505123915086 -1.7976931348623157E308 -1.7976931348623157E308 
-6.118823416311343 -5.727128425310542 -5.336665625650534 -4.947726750741193 -4.560701700396552 -4.17612260356422 -3.7947331922020555 -3.4176014981270124 -3.0463092423455636 -2.683281572999748 -2.3323807579381204 -2.0 -1.697056274847714 -1.4422205101855958 -1.264911064067352 -1.2000000000000002 -1.2000000000000002 -1.264911064067352 -1.4422205101855958 -1.697056274847714 -1.7976931348623157E308 -1.7976931348623157E308 -2.683281572999748 -3.0463092423455636 -3.4176014981270124 -3.7947331922020555 -4.17612260356422 -4.560701700396552 -4.947726750741193 -5.336665625650534 -5.727128425310542 -6.118823416311343 -6.20966987850401 -6.324555320336759 -6.4621977685614045 -6.6211781428987395 -6.800000000000001 -6.997142273814361 -7.211102550927979 -7.44043009509531 -7.683749084919419 -7.939773296511683 -8.207313811473277 -8.485281374238571 -8.772684879784524 -9.068627239003709 -9.372299611087985 -9.682974749528164 -10.0 -10.322790320451153 -10.650821564555478 -10.983624174196786 -11.320777358467925 -11.661903789690601 -12.006664815842909 -12.354756169184402 -12.705904139414873 -13.059862173851608 -13.416407864998739 -13.77534028617805 -14.136477637657833 -14.499655168313488 -14.864723340849636 -15.231546211727817 -1.7976931348623157E308 -1.7976931348623157E308 
-6.053098380168623 -5.656854249492381 -5.261178575186363 -4.866210024238576 -4.47213595499958 -4.079215610874228 -3.687817782917155 -3.2984845004941286 -2.9120439557122073 -2.529822128134704 -2.1540659228538015 -1.788854381999832 -1.4422205101855958 -1.1313708498984762 -0.894427190999916 -0.8 -0.8 -0.894427190999916 -1.1313708498984762 -1.4422205101855958 -1.7976931348623157E308 -1.7976931348623157E308 -2.529822128134704 -2.9120439557122073 -3.2984845004941286 -3.687817782917155 -4.079215610874228 -4.47213595499958 -4.866210024238576 -5.261178575186363 -5.656854249492381 -5.727128425310542 -5.824087911424415 -5.946427498927402 -6.092618484691127 -6.260990336999412 -6.449806198638839 -6.6573267908372955 -6.881860213634102 -7.121797525905944 -7.37563556583431 -7.64198926981712 -7.919595949289333 -8.207313811473277 -8.50411665018772 -8.809086218218097 -9.121403400793104 -9.440338976964759 -9.765244492586962 -10.09554357129917 -10.43072384832424 -10.77032961426901 -11.113955191559844 -11.461239025515523 -11.81185844818672 -12.16552506059644 -12.521980673998824 -12.880993750483695 -13.242356285797479 -13.60588108135596 -13.971399357258385 -14.338758663147937 -14.707821048680188 -15.078461459976612 -1.7976931348623157E308 -1.7976931348623157E308 
-6.013318551349164 -5.61426753904728 -5.21536192416212 -4.8166378315169185 -4.418144406874904 -4.019950248448356 -3.622154055254967 -3.2249030993194197 -2.8284271247461903 -2.433105012119288 -2.039607805437114 -1.6492422502470643 -1.264911064067352 -0.894427190999916 -0.5656854249492381 -0.4 -0.4 -0.5656854249492381 -0.894427190999916 -1.264911064067352 -1.7976931348623157E308 -1.7976931348623157E308 -2.433105012119288 -2.8284271247461903 -3.2249030993194197 -3.622154055254967 -4.019950248448356 -4.418144406874904 -4.8166378315169185 -5.21536192416212 -5.261178575186363 -5.336665625650534 -5.440588203494178 -5.571355310873648 -5.727128425310542 -5.90592922409336 -6.105735008989499 -6.324555320336759 -6.560487786742691 -6.811754546370562 -7.076722405181653 -7.353910524340094 -7.64198926981712 -7.939773296511683 -8.246211251235321 -8.560373823613078 -8.881441324469808 -9.20869154657707 -9.54148835350125 -9.879271228182775 -10.22154587134451 -10.567875850898325 -10.917875251164945 -11.271202242884298 -11.627553482998907 -11.986659251017358 -12.348279232346506 -12.712198865656564 -13.078226179417454 -13.446189051177289 -13.815932831336434 -14.18731828077456 -14.560219778561038 -14.934523762075578 -1.7976931348623157E308 -1.7976931348623157E308 
-6.0 -5.6000000000000005 -5.2 -4.800000000000001 -4.4 -4.0 -3.6 -3.2 -2.8000000000000003 -2.4000000000000004 -2.0 -1.6 -1.2000000000000002 -0.8 -0.4 -0.0 -0.0 -0.4 -0.8 -1.2000000000000002 -1.7976931348623157E308 -1.7976931348623157E308 -2.4000000000000004 -2.8000000000000003 -3.2 -3.6 -4.0 -4.4 -4.800000000000001 -4.8166378315169185 -4.866210024238576 -4.947726750741193 -5.059644256269408 -5.2 -5.366563145999496 -5.556977595779922 -5.768882040742383 -6.0 -6.248199740725323 -6.511528238439883 -6.788225099390856 -7.076722405181653 -7.37563556583431 -7.683749084919419 -8.0 -8.323460818673926 -8.653323061113575 -8.988882021697693 -9.329523031752482 -9.674709297958259 -10.023971268913336 -10.376897416858277 -10.733126291998992 -11.092339699089639 -11.454256850621084 -11.818629362155328 -12.185236969382254 -12.553883861180173 -12.924395537122809 -13.29661611087573 -13.67040599250805 -14.045639892863552 -14.422205101855958 -14.8 -1.7976931348623157E308 -1.7976931348623157E308 
-6.0 -5.6000000000000005 -5.2 -4.800000000000001 -4.4 -4.0 -3.6 -3.2 -2.8000000000000003 -2.4000000000000004 -2.0 -1.6 -1.2000000000000002 -0.8 -0.4 -0.0 -0.0 -0.4 -0.8 -1.2000000000000002 -1.6 -2.0 -2.4000000000000004 -2.8000000000000003 -3.2 -3.6 -4.0 -4.4 -4.4 -4.418144406874904 -4.47213595499958 -4.560701700396552 -4.681879964287851 -4.833218389437829 -5.011985634456668 -5.21536192416212 -5.440588203494178 -5.685068161420759 -5.946427498927402 -6.222539674441618 -6.511528238439883 -6.811754546370562 -7.121797525905944 -7.44043009509531 -7.76659513557904 -8.099382692526635 -8.438009243891596 -8.78179936004006 -9.130169768410662 -9.482615672903759 -9.838699100999076 -10.19803902718557 -10.56030302595527 -10.92520022699813 -11.292475370794484 -11.661903789690601 -12.033287165193059 -12.40644993541666 -12.781236246936366 -13.157507362718821 -13.535139452550906 -13.91402170474087 -14.29405470816451 -14.675149062275313 -1.7976931348623157E308 -1.7976931348623157E308 
-6.0 -5.6000000000000005 -5.2 -4.800000000000001 -4.4 -4.0 -3.6 -3.2 -2.8000000000000003 -2.4000000000000004 -2.0 -1.6 -1.2000000000000002 -0.8 -0.4 -0.0 -0.0 -0.4 -0.8 -1.2000000000000002 -1.6 -2.0 -2.4000000000000004 -2.8000000000000003 -3.2 -3.6 -4.0 -4.0 -4.0 -4.019950248448356 -4.079215610874228 -4.17612260356422 -4.308131845707603 -4.47213595499958 -4.664761515876241 -4.882622246293481 -5.122499389946279 -5.3814496188294845 -5.656854249492381 -5.946427498927402 -6.248199740725323 -6.560487786742691 -6.881860213634102 -7.211102550927979 -7.547184905645283 -7.889233169326409 -8.236504112789602 -8.588364221433556 -8.94427190999916 -9.303762679690406 -9.666436778875658 -10.031948963187563 -10.4 -10.77032961426901 -11.142710621747296 -11.516944039110376 -11.892854997854805 -12.270289320142375 -12.649110640673518 -13.029197979921864 -13.41044369139217 -13.792751719653333 -14.17603611733548 -14.560219778561038 -1.7976931348623157E308 -1.7976931348623157E308 
-6.0 -5.6000000000000005 -5.2 -4.800000000000001 -4.4 -4.0 -3.6 -3.2 -2.8000000000000003 -2.4000000000000004 -2.0 -1.6 -1.2000000000000002 -0.8 -0.4 -0.0 -0.0 -0.4 -0.8 -1.2000000000000002 -1.7976931348623157E308 -1.7976931348623157E308 -2.4000000000000004 -2.8000000000000003 -3.2 -3.6 -3.6 -3.6 -3.6 -3.622154055254967 -3.687817782917155 -3.7947331922020555 -3.939543120718442 -4.118252056394801 -4.3266615305567875 -4.560701700396552 -4.8166378315169185 -5.091168824543143 -5.3814496188294845 -5.685068161420759 -6.0 -6.324555320336759 -6.6573267908372955 -6.997142273814361 -7.3430239002743285 -7.694153624668537 -8.049844718999244 -8.409518416651457 -8.772684879784524 -9.138927727036691 -9.50789145920377 -9.879271228182775 -10.252804494381039 -10.62826420446914 -11.005453193758084 -11.384199576606166 -11.764352935882194 -12.14578116055118 -12.52836781069266 -12.91200991325518 -13.29661611087573 -13.682105101189658 -14.06840431605518 -14.455448799674123 -1.7976931348623157E308 -1.7976931348623157E308 
-6.013318551349164 -5.61426753904728 -5.21536192416212 -4.8166378315169185 -4.418144406874904 -4.019950248448356 -3.622154055254967 -3.2249030993194197 -2.8284271247461903 -2.433105012119288 -2.039607805437114 -1.6492422502470643 -1.264911064067352 -0.894427190999916 -0.5656854249492381 -0.4 -0.4 -0.5656854249492381 -0.894427190999916 -1.264911064067352 -1.7976931348623157E308 -1.7976931348623157E308 -2.433105012119288 -2.8284271247461903 -3.2249030993194197 -3.2 -3.2 -3.2 -3.2 -3.2249030993194197 -3.2984845004941286 -3.4176014981270124 -3.577708763999664 -3.7735924528226414 -4.0 -4.25205832509386 -4.525483399593905 -4.8166378315169185 -5.122499389946279 -5.440588203494178 -5.768882040742383 -6.105735008989499 -6.449806198638839 -6.800000000000001 -7.155417527999328 -7.515317691222375 -7.879086241436884 -8.246211251235321 -8.616263691415206 -8.988882021697693 -9.363759928575702 -9.740636529508738 -10.119288512538816 -10.49952379872535 -10.881176406988356 -11.26410227226298 -11.64817582284883 -12.033287165193059 -12.41933975700802 -12.806248474865697 -13.193938001976514 -13.582341477079718 -13.971399357258385 -14.361058456812993 -1.7976931348623157E308 -1.7976931348623157E308 
-6.053098380168623 -5.656854249492381 -5.261178575186363 -4.866210024238576 -4.47213595499958 -4.079215610874228 -3.687817782917155 -3.2984845004941286 -2.9120439557122073 -2.529822128134704 -2.1540659228538015 -1.788854381999832 -1.4422205101855958 -1.1313708498984762 -0.894427190999916 -0.8 -0.8 -0.894427190999916 -1.1313708498984762 -1.4422205101855958 -1.7976931348623157E308 -1.7976931348623157E308 -2.529822128134704 -2.9120439557122073 -2.8284271247461903 -2.8000000000000003 -2.8000000000000003 -2.8000000000000003 -2.8000000000000003 -2.8284271247461903 -2.9120439557122073 -3.0463092423455636 -3.2249030993194197 -3.440930106817051 -3.687817782917155 -3.9597979746446663 -4.25205832509386 -4.560701700396552 -4.882622246293481 -5.21536192416212 -5.556977595779922 -5.90592922409336 -6.260990336999412 -6.6211781428987395 -6.985699678629192 -7.353910524340094 -7.725283166331187 -8.099382692526635 -8.475848040166836 -8.854377448471462 -9.234717104492157 -9.616652224137047 -10.0 -10.384603988597737 -10.77032961426901 -11.157060544785082 -11.54469575172945 -11.93314711214104 -12.32233744059949 -12.712198865656564 -13.10267148332736 -13.4937022347464 -13.885243966167828 -14.2772546380598 -1.7976931348623157E308 -1.7976931348623157E308 
-6.118823416311343 -5.727128425310542 -5.336665625650534 -4.947726750741193 -4.560701700396552 -4.17612260356422 -3.7947331922020555 -3.4176014981270124 -3.0463092423455636 -2.683281572999748 -2.3323807579381204 -2.0 -1.697056274847714 -1.4422205101855958 -1.264911064067352 -1.2000000000000002 -1.2000000000000002 -1.264911064067352 -1.4422205101855958 -1.697056274847714 -1.7976931348623157E308 -1.7976931348623157E308 -2.683281572999748 -2.529822128134704 -2.433105012119288 -2.4000000000000004 -2.4000000000000004 -2.4000000000000004 -2.4000000000000004 -2.433105012119288 -2.529822128134704 -2.683281572999748 -2.8844410203711917 -3.1240998703626617 -3.394112549695428 -3.687817782917155 -4.0 -4.3266615305567875 -4.664761515876241 -5.011985634456668 -5.366563145999496 -5.727128425310542 -6.092618484691127 -6.4621977685614045 -6.835202996254025 -7.211102550927979 -7.589466384404111 -7.96994353806851 -8.35224520712844 -8.736131867136622 -9.121403400793104 -9.50789145920377 -9.895453501482386 -10.283968105745954 -10.673331251301068 -11.063453348751466 -11.454256850621084 -11.84567431596868 -12.237646832622685 -12.630122723077555 -13.023056476879766 -13.416407864998739 -13.810141201305655 -14.204224723651762 -1.7976931348623157E308 -1.7976931348623157E308 
-6.20966987850401 -5.824087911424415 -5.440588203494178 -5.059644256269408 -4.681879964287851 -4.308131845707603 -3.939543120718442 -3.577708763999664 -3.2249030993194197 -2.8844410203711917 -2.5612496949731396 -2.2627416997969525 -2.0 -1.788854381999832 -1.6492422502470643 -1.6 -1.6 -1.6492422502470643 -1.788854381999832 -2.0 -1.7976931348623157E308 -1.7976931348623157E308 -1.7976931348623157E308 -1.7976931348623157E308 -1.7976931348623157E308 -1.7976931348623157E308 -2.0 -2.0 -1.7976931348623157E308 -1.7976931348623157E308 -1.7976931348623157E308 -1.7976931348623157E308 -1.7976931348623157E308 -1.7976931348623157E308 -1.7976931348623157E308 -1.7976931348623157E308 -1.7976931348623157E308 -1.7976931348623157E308 -1.7976931348623157E308 -1.7976931348623157E308 -1.7976931348623157E308 -1.7976931348623157E308 -1.7976931348623157E308 -1.7976931348623157E308 -1.7976931348623157E308 -1.7976931348623157E308 -1.7976931348623157E308 -1.7976931348623157E308 -1.7976931348623157E308 -1.7976931348623157E308 -1.7976931348623157E308 -1.7976931348623157E308 -1.7976931348623157E308 -1.7976931348623157E308 -1.7976931348623157E308 -1.7976931348623157E308 -1.7976931348623157E308 -1.7976931348623157E308 -1.7976931348623157E308 -1.7976931348623157E308 -1.7976931348623157E308 -1.7976931348623157E308 -1.7976931348623157E308 -1.7976931348623157E308 -1.7976931348623157E308 -1.7976931348623157E308 
