<?xml version="1.0" encoding="UTF-8" standalone="yes"?>
<output>
    <algorithm>eFastMarching</algorithm>
    <cellsize>40.0cm</cellsize>
    <deviation>1.44</deviation>
    <distanceMap>-11.685677229903018 -11.4643508893728 -11.25205080773161 -11.0493108599996 -10.856693084274967 -10.674788062892542 -10.504215238300779 -10.34562330147559 -10.199690946720777 -10.067128594226446 -9.948682320481424 -9.84514267106574 -9.757364629406782 -9.686315597198986 -9.633207852932447 -9.600000000000001 -9.600000000000001 -9.633207852932447 -9.686315597198986 -9.757364629406782 -1.7976931348623157E308 -1.7976931348623157E308 -1.7976931348623157E308 -1.7976931348623157E308 -1.7976931348623157E308 -1.7976931348623157E308 -1.7976931348623157E308 -1.7976931348623157E308 -1.7976931348623157E308 -1.7976931348623157E308 -1.7976931348623157E308 -1.7976931348623157E308 -1.7976931348623157E308 -1.7976931348623157E308 -1.7976931348623157E308 -1.7976931348623157E308 -1.7976931348623157E308 -1.7976931348623157E308 -1.7976931348623157E308 -1.7976931348623157E308 -1.7976931348623157E308 -1.7976931348623157E308 -1.7976931348623157E308 -1.7976931348623157E308 -1.7976931348623157E308 -1.7976931348623157E308 -1.7976931348623157E308 -1.7976931348623157E308 -1.7976931348623157E308 -1.7976931348623157E308 -1.7976931348623157E308 -1.7976931348623157E308 -1.7976931348623157E308 -1.7976931348623157E308 -1.7976931348623157E308 -1.7976931348623157E308 -1.7976931348623157E308 -1.7976931348623157E308 -1.7976931348623157E308 -1.7976931348623157E308 -1.7976931348623157E308 -1.7976931348623157E308 -1.7976931348623157E308 -1.7976931348623157E308 -1.7976931348623157E308 -1.7976931348623157E308 
-11.352488618171535 -11.125339569008458 -10.907237070195457 -10.698742189872256 -10.50044799561283 -10.312980225068637 -10.136997867287263 -9.97319378084692 -9.822295633155337 -9.685067761065142 -9.562315213963643 -9.454892731408393 -9.363725156002054 -9.289856813087827 -9.234588688185367 -9.200000000000001 -9.200000000000001 -9.234588688185367 -9.289856813087827 -9.363725156002054 -1.7976931348623157E308 -1.7976931348623157E308 -1.7976931348623157E308 -1.7976931348623157E308 -1.7976931348623157E308 -1.7976931348623157E308 -1.7976931348623157E308 -1.7976931348623157E308 -1.7976931348623157E308 -1.7976931348623157E308 -1.7976931348623157E308 -1.7976931348623157E308 -1.7976931348623157E308 -1.7976931348623157E308 -1.7976931348623157E308 -1.7976931348623157E308 -1.7976931348623157E308 -1.7976931348623157E308 -1.7976931348623157E308 -1.7976931348623157E308 -1.7976931348623157E308 -1.7976931348623157E308 -1.7976931348623157E308 -1.7976931348623157E308 -1.7976931348623157E308 -1.7976931348623157E308 -1.7976931348623157E308 -1.7976931348623157E308 -1.7976931348623157E308 -1.7976931348623157E308 -1.7976931348623157E308 -1.7976931348623157E308 -1.7976931348623157E308 -1.7976931348623157E308 -1.7976931348623157E308 -1.7976931348623157E308 -1.7976931348623157E308 -1.7976931348623157E308 -1.7976931348623157E308 -1.7976931348623157E308 -1.7976931348623157E308 -1.7976931348623157E308 -1.7976931348623157E308 -1.7976931348623157E308 -1.7976931348623157E308 -1.7976931348623157E308 
-11.023242039655816 -10.79003179991939 -10.56587233142031 -10.351352764985696 -10.147098543926269 -9.953772472159935 -9.772075654664519 -9.602748442067636 -9.446571650527696 -9.304368651294508 -9.177009607669552 -9.065420687232516 -8.970604986187423 -8.893693419562185 -8.836086965918579 -8.8 -8.8 -8.836086965918579 -8.893693419562185 -8.970604986187423 -1.7976931348623157E308 -1.7976931348623157E308 -11.600000000000001 -11.634588688185467 -11.689856813087843 -11.763725156002007 -11.854892731408322 -11.962315213963548 -12.085067761065023 -12.222295633155298 -12.373193780846849 -12.536997867287226 -12.712980225068538 -12.9004479956128 -13.09874218987223 -13.307237070195422 -13.525339569008503 -13.752488618171618 -13.988154343899721 -14.231837123368184 -14.483066519123264 -14.741400115881184 -15.006422286521525 -15.277742913005667 -15.554996085260399 -15.837838797735017 -16.12594965988009 -16.419027633521296 -16.7167908071467 -17.018975214549673 -17.325333703076364 -17.635634854916006 -17.918930924478172 -18.19264746874662 -18.47104053869973 -18.75389457402083 -19.04100551465271 -19.332180036766445 -19.627234862514484 -19.92599613445961 -20.22829884640083 -20.533986323250453 -20.842909743561986 -21.154927699206322 -1.7976931348623157E308 -1.7976931348623157E308 
-10.698260526209259 -10.458742601963598 -10.228261082175408 -10.007433860039479 -9.796919975228263 -9.597421147604956 -9.409683194651643 -9.23449742742641 -9.072702278943051 -8.925185748189778 -8.792889948141836 -8.676820657850978 -8.578068859290484 -8.497863283647076 -8.43771812816798 -8.4 -8.4 -8.43771812816798 -8.497863283647076 -8.578068859290484 -1.7976931348623157E308 -1.7976931348623157E308 -11.200000000000001 -11.236086965918604 -11.293693419562118 -11.37060498618731 -11.465420687232502 -11.577009607669503 -11.704368651294445 -11.846571650527665 -12.002748442067608 -12.172075654664514 -12.35377247215991 -12.547098543926309 -12.751352764985745 -12.965872331420336 -13.190031799919447 -13.423242039655936 -13.664949044257112 -13.91463261048968 -14.171804907759878 -14.436008968684352 -14.706817131243799 -14.983829460363154 -15.266672172837772 -15.554996085260399 -15.848475100480307 -16.146804744390916 -16.449700761595707 -16.75689777575999 -17.06814801819573 -17.34931989877298 -17.62272145592762 -17.900963987223264 -18.183817108941323 -18.471063184846212 -18.76249643442507 -19.057922133194467 -19.357155892946892 -19.66002301103234 -19.966357879095277 -20.276003443009994 -20.58881070699723 -20.90463827602675 -1.7976931348623157E308 -1.7976931348623157E308 
-10.377899536129183 -10.131820181447399 -9.894741460618137 -9.667310493741729 -9.45022094468885 -9.244215172257872 -9.050086271748052 -8.868680082393025 -8.700897393076165 -8.547696912209544 -8.41010029330335 -8.289202182696497 -8.186192519566145 -8.10241093471939 -8.039500420365478 -8.0 -8.0 -8.039500420365478 -8.10241093471939 -8.186192519566145 -1.7976931348623157E308 -1.7976931348623157E308 -10.8 -10.837718128168031 -10.897863283646993 -10.978068859290406 -11.07682065785091 -11.192889948141831 -11.325185748189698 -11.472702278943053 -11.634497427426385 -11.809683194651665 -11.997421147604982 -12.196919975228301 -12.407433860039468 -12.628261082175474 -12.85874260196362 -13.098260526209243 -13.346236440291129 -13.602129623698545 -13.865435180931701 -14.135682123079304 -14.4124314334064 -14.695274145881019 -14.983829460363154 -15.277742913005667 -15.576684615684517 -15.880347574166201 -16.188446091280724 -16.500714258552723 -16.779597512633213 -17.05266137451294 -17.330742709191913 -17.61359472342104 -17.900984806093174 -18.192693481255485 -18.488513476853402 -18.78824889294543 -19.09171445491485 -19.398734839117157 -19.709144060242114 -20.022784911405402 -20.339508449492293 -20.659173519613738 -1.7976931348623157E308 -1.7976931348623157E308 
-10.062550600504894 -9.809649915702774 -9.565689556953036 -9.331346019887627 -9.10734834192647 -8.894481030391676 -8.693586910649428 -8.50556994873441 -8.331398255509894 -8.172107814303903 -8.02880821778681 -7.902693438549924 -7.795065115718568 -7.707389078129452 -7.641455552554122 -7.6000000000000005 -7.6000000000000005 -7.641455552554122 -7.707389078129452 -7.795065115718568 -1.7976931348623157E308 -1.7976931348623157E308 -10.4 -10.439500420365494 -10.502410934719336 -10.586192519566149 -10.689202182696476 -10.810100293303298 -10.947696912209462 -11.100897393076142 -11.268680082393075 -11.45008627174812 -11.644215172257972 -11.850220944688969 -12.067310493741807 -12.294741460618214 -12.531820181447443 -12.777899536129262 -13.03237668493024 -13.294690721336645 -13.564320280054663 -13.840781139256038 -14.123623851730656 -14.4124314334064 -14.706817131243799 -15.006422286521525 -15.310914304325957 -15.619984735715347 -15.933347475541877 -16.20975756612213 -16.48245848051912 -16.76036678452658 -17.043217455860603 -17.330761313007052 -17.622763778164508 -17.91900378682919 -18.21927282203988 -18.52337405393588 -18.831121568023285 -19.142339668171058 -19.456862242743227 -19.77453218436758 -20.09520085562357 -20.418727594415948 -1.7976931348623157E308 -1.7976931348623157E308 
-9.752645383339013 -9.492658837975503 -9.241524311074151 -8.999947407536899 -8.768692900984021 -8.548588629993821 -8.340529377048695 -8.145480763560384 -7.964483339840844 -7.79865738166517 -7.649209663445437 -7.5174452794050515 -7.404792246519759 -7.3128605364430745 -7.2436095557633156 -7.2 -7.2 -7.2436095557633156 -7.3128605364430745 -7.404792246519759 -1.7976931348623157E308 -1.7976931348623157E308 -10.0 -10.041455552554112 -10.107389078129444 -10.195065115718554 -10.302693438549914 -10.428808217786731 -10.572107814303825 -10.731398255509859 -10.905569948734467 -11.093586910649513 -11.294481030391772 -11.50734834192654 -11.731346019887736 -11.965689556953109 -12.209649915702789 -12.462550600504875 -12.723764661933451 -12.992711671891009 -13.268854713422071 -13.55169742589669 -13.840781139256038 -14.135682123079304 -14.436008968684352 -14.741400115881184 -15.051521530538132 -15.366064534784545 -15.6397933798934 -15.91210315944787 -16.18982524370706 -16.472674284513612 -16.76038270246919 -17.052699215235076 -17.349387553261888 -17.650225332956236 -17.955003061201463 -18.263523249127946 -18.57559961676873 -18.891056373580412 -19.20972756269104 -19.531456459153475 -19.856095014467854 -20.183503341231145 -1.7976931348623157E308 -1.7976931348623157E308 
-9.448660192532065 -9.181320678736922 -8.922713082166906 -8.67357131588952 -8.434695730499229 -8.206958205025712 -7.991307329668661 -7.788773695215958 -7.600475439383866 -7.427624526625451 -7.271535005706159 -7.133636350142358 -7.015499861952133 -6.918900764797691 -6.845993903850396 -6.800000000000001 -6.800000000000001 -6.845993903850396 -6.918900764797691 -7.015499861952133 -1.7976931348623157E308 -1.7976931348623157E308 -9.600000000000001 -9.643609555763334 -9.712860536443069 -9.804792246519739 -9.917445279405047 -10.049209663445357 -10.198657381665129 -10.36448333984085 -10.54548076356043 -10.74052937704874 -10.948588629993894 -11.168692900984068 -11.399947407536912 -11.641524311074193 -11.892658837975459 -12.152645383338957 -12.42083362339172 -12.696624681574225 -12.979467394048843 -13.268854713422071 -13.564320280054663 -13.865435180931701 -14.171804907759878 -14.483066519123264 -14.798886006173044 -15.069697756305784 -15.341584810717235 -15.619105917210085 -15.901952973568397 -16.189837900512284 -16.482490877765052 -16.779658821951593 -17.081104064990814 -17.386603197488522 -17.6959460474658 -18.008934770123144 -18.325383029068586 -18.64511525342808 -18.967965958562708 -19.293779120770125 -19.622407598453982 -19.95371259388488 -1.7976931348623157E308 -1.7976931348623157E308 
-9.151120977698543 -8.876161521908411 -8.609777976599968 -8.352731083523917 -8.105855922247256 -7.8700684605131945 -7.646372369255284 -7.4358661055404 -7.23975038902196 -7.059336512349677 -6.8960566963543215 -6.751479615074058 -6.6273393095657 -6.525601146660569 -6.44864700149857 -6.4 -6.4 -6.44864700149857 -6.525601146660569 -6.6273393095657 -1.7976931348623157E308 -1.7976931348623157E308 -9.200000000000001 -9.245993903850394 -9.318900764797702 -9.415499861952139 -9.533636350142372 -9.671535005706074 -9.827624526625414 -10.000475439383848 -10.18877369521601 -10.3913073296687 -10.606958205025782 -10.834695730499245 -11.073571315889536 -11.322713082166876 -11.581320678736791 -11.848660192531938 -12.124059183964338 -12.406901896438956 -12.696624681574225 -12.992711671891009 -13.294690721336645 -13.602129623698545 -13.91463261048968 -14.231837123368184 -14.499462940109943 -14.770891713518106 -15.048195258000172 -15.331039891009702 -15.619114605043965 -15.912128936237787 -16.209811148219227 -16.511906673598002 -16.818176764299157 -17.128397310563052 -17.442357796223803 -17.759860364594953 -18.080718974883258 -18.40475863357718 -18.731814688834923 -19.061732178682284 -19.394365225954473 -19.729576474522855 -1.7976931348623157E308 -1.7976931348623157E308 
-8.860608847708036 -8.577766135233418 -8.303303026954913 -8.038004766313827 -7.782739421757075 -7.538466200635591 -7.306244286120712 -7.087242202552597 -6.882747821658523 -6.6941794205542156 -6.5230989674245095 -6.371230769515914 -6.24049393191633 -6.133073364787243 -6.051616185005458 -6.0 -6.0 -6.051616185005458 -6.133073364787243 -6.24049393191633 -1.7976931348623157E308 -1.7976931348623157E308 -8.8 -8.848647001498604 -8.925601146660593 -9.027339309565702 -9.151479615074004 -9.296056696354283 -9.459336512349614 -9.639750389021962 -9.835866105540426 -10.046372369255346 -10.270068460513224 -10.50585592224725 -10.75273108352383 -11.009777976599855 -11.276161521908246 -11.551120977698353 -11.833963690172972 -12.124059183964338 -12.42083362339172 -12.723764661933451 -13.03237668493024 -13.346236440291129 -13.664678754523786 -13.929080580390872 -14.200010870901284 -14.477078131520784 -14.75991979213857 -15.048199099082982 -15.341602516777563 -15.639837545049984 -15.942630870747436 -16.24972678583739 -16.56088581703899 -16.875883523462786 -17.194509428378506 -17.51656605911764 -17.84186807535852 -18.17024147089296 -18.501522837656278 -18.835558683566642 -19.17220479774487 -19.5113256581827 -1.7976931348623157E308 -1.7976931348623157E308 
-8.577766135233418 -8.286785032420678 -8.00394231994606 -7.730044372970243 -7.465989372912657 -7.212777726140333 -6.971523376417114 -6.743466042554904 -6.529984504255802 -6.332611337675015 -6.153050253788048 -5.993199184467181 -5.855187791610122 -5.741455275493614 -5.6549604533621505 -5.6000000000000005 -5.6000000000000005 -5.6549604533621505 -5.741455275493614 -5.855187791610122 -1.7976931348623157E308 -1.7976931348623157E308 -8.4 -8.451616185005483 -8.533073364787278 -8.640493931916307 -8.771230769515878 -8.923098967424524 -9.094179420554196 -9.28274782165849 -9.487242202552642 -9.706244286120778 -9.938466200635624 -10.182739421757098 -10.438004766313794 -10.703303026954803 -10.977766135233301 -11.26060884770792 -11.551120977698353 -11.848660192531938 -12.152645383338957 -12.462550600504875 -12.777899536129262 -13.095007974018058 -13.358541696406164 -13.628927828482592 -13.90573756649877 -14.188575561180777 -14.477076027810845 -14.770899547717281 -15.069730424636692 -15.373274479507437 -15.681257188229516 -15.993422086436263 -16.30952938226638 -16.62935473214682 -16.952688145782208 -17.279332995239677 -17.60910510959813 -17.941831941527063 -18.27735179573703 -18.615513111815954 -18.956173795782878 -19.299200595976586 -1.7976931348623157E308 -1.7976931348623157E308 
-8.303303026954913 -8.00394231994606 -7.712429173342976 -7.429586460868357 -7.1563381789236304 -6.893722341074308 -6.64290528124943 -6.405197461682494 -6.182070961671048 -5.975179082340732 -5.786379235521041 -5.617762298370909 -5.471697355252441 -5.350918918998552 -5.25875425885452 -5.2 -5.2 -5.25875425885452 -5.350918918998552 -5.471697355252441 -1.7976931348623157E308 -1.7976931348623157E308 -8.0 -8.05496045336218 -8.141455275493641 -8.255187791610096 -8.393199184467184 -8.553050253788077 -8.73261133767503 -8.929984504255824 -9.14346604255496 -9.37152337641717 -9.61277772614036 -9.86598937291264 -10.130044372970188 -10.403942319946001 -10.68678503242062 -10.977766135233301 -11.276161521908246 -11.581320678736791 -11.892658837975459 -12.209649915702789 -12.525256758959443 -12.787836651307435 -13.057626463883265 -13.334154458618878 -13.616987901668757 -13.90572813099239 -14.20000657667226 -14.499481532195654 -14.803835507423868 -15.112773027011162 -15.426018768064859 -15.743315956308326 -16.06442496059492 -16.38912204166976 -16.717198223223193 -17.048458262272273 -17.382719702401886 -17.719811998020777 -18.05957570101861 -18.401861703423943 -18.746530531166105 -19.093451685046386 -1.7976931348623157E308 -1.7976931348623157E308 
-8.038004766313827 -7.730044372970243 -7.429586460868357 -7.137464266548495 -6.854621554073876 -6.582128370495962 -6.321198905004365 -6.0732116713350255 -5.839732313155899 -5.622539581092133 -5.423655747852957 -5.245384758242881 -5.090367354680684 -4.961681619372048 -4.863092866921405 -4.800000000000001 -4.800000000000001 -4.863092866921405 -4.961681619372048 -5.090367354680684 -1.7976931348623157E308 -1.7976931348623157E308 -7.6000000000000005 -7.658754258854514 -7.750918918998558 -7.871697355252417 -8.017762298370924 -8.18637923552106 -8.375179082340734 -8.582070961671041 -8.805197461682516 -9.04290528124945 -9.293722341074275 -9.556338178923568 -9.829586460868331 -10.11242917334295 -10.403942319946001 -10.703303026954803 -11.009777976599855 -11.322713082166876 -11.641524311074193 -11.95542789203774 -12.216955139560902 -12.486088743055307 -12.762307217930228 -13.04513496424605 -13.334135920073463 -13.628908550814074 -13.929081870511482 -14.23431224473136 -14.544280777621436 -14.858691132750113 -15.17726767618437 -15.499753860872866 -15.825910794629875 -16.15551595112083 -16.488361995546324 -16.824255705353213 -17.163016972235713 -17.504477875702733 -17.848481821132705 -18.194882736962743 -18.54354432675113 -18.894339372543634 -1.7976931348623157E308 -1.7976931348623157E308 
-7.782739421757075 -7.465989372912657 -7.1563381789236304 -6.854621554073876 -6.561794873418641 -6.278952160944023 -6.0073480934122685 -5.748423449097436 -5.503834535344418 -5.275487393552407 -5.065578306140361 -4.876644192813967 -4.711632643401054 -4.574021642213945 -4.468100094653824 -4.4 -4.4 -4.468100094653824 -4.574021642213945 -4.711632643401054 -1.7976931348623157E308 -1.7976931348623157E308 -7.2 -7.263092866921392 -7.361681619372049 -7.490367354680664 -7.64538475824288 -7.823655747852925 -8.022539581092117 -8.239732313155901 -8.47321167133506 -8.721198905004366 -8.982128370495907 -9.25462155407385 -9.537464266548469 -9.829586460868331 -10.130044372970188 -10.438004766313794 -10.75273108352383 -11.073571315889536 -11.385526175072124 -11.645886196165561 -11.914294440422474 -12.190171350071836 -12.472991898360474 -12.762277286404561 -13.057588550657593 -13.358521612952508 -13.664703395324995 -13.975788708755244 -14.291457699921128 -14.611413700322894 -14.935381368234417 -15.263105047892473 -15.594347294565251 -15.928887530981862 -16.266520812015663 -16.60705668207704 -16.950318114551852 -17.2961405257063 -17.644370857368703 -17.994866723823506 -18.34749561901199 -18.702134180503396 -1.7976931348623157E308 -1.7976931348623157E308 
-7.538466200635591 -7.212777726140333 -6.893722341074308 -6.582128370495962 -6.278952160944023 -5.985300614889493 -5.702457902414873 -5.431917109083333 -5.1754177531371015 -4.9349904405236975 -4.713010722801271 -4.512266382621914 -4.3360488147392235 -4.1883007252772755 -4.07393975024035 -4.0 -4.0 -4.07393975024035 -4.1883007252772755 -4.3360488147392235 -1.7976931348623157E308 -1.7976931348623157E308 -6.800000000000001 -6.868100094653798 -6.9740216422139385 -7.111632643401055 -7.2766441928139445 -7.465578306140336 -7.675487393552405 -7.903834535344439 -8.148423449097418 -8.407348093412255 -8.678952160943995 -8.961794873418613 -9.25462155407385 -9.556338178923568 -9.86598937291264 -10.182739421757098 -10.50585592224725 -10.815559122043526 -11.074618238077582 -11.342220822083831 -11.617718961977369 -11.900530312367763 -12.190127023436526 -12.486027464207018 -12.78779000135591 -13.095008250828668 -13.407307365551407 -13.72434104468155 -14.04578904498877 -14.371355045392988 -14.700764765778656 -15.03376427569637 -15.370118451596259 -15.709609556213934 -16.052035923181514 -16.397210735722464 -16.744960891704853 -17.09512594926149 -17.447557148216355 -17.802116503075975 -18.158675963578087 -18.517116638893874 -1.7976931348623157E308 -1.7976931348623157E308 
-7.306244286120712 -6.971523376417114 -6.64290528124943 -6.321198905004365 -6.0073480934122685 -5.702457902414873 -5.407826473094197 -5.124983760619578 -4.855738683835572 -4.602236770491549 -4.367031373871385 -4.1531739589069145 -3.9643358851008585 -3.8049972327434904 -3.680833004769869 -3.6 -3.6 -3.680833004769869 -3.8049972327434904 -3.9643358851008585 -1.7976931348623157E308 -1.7976931348623157E308 -6.4 -6.473939750240358 -6.5883007252772785 -6.736048814739232 -6.9122663826219215 -7.113010722801258 -7.334990440523717 -7.5754177531371285 -7.831917109083342 -8.102457902414848 -8.385300614889466 -8.678952160943995 -8.982128370495907 -9.293722341074275 -9.61277772614036 -9.938466200635624 -10.245537844685584 -10.503139148972727 -10.769842296770411 -11.044918186654584 -11.327717625919774 -11.617656241285959 -11.914203583080052 -12.216875222619064 -12.525226920985638 -12.838850199635779 -13.157368847224745 -13.480436050273449 -13.807731944489024 -14.138961458173274 -14.473852368331023 -14.812153521457047 -15.153633190308879 -15.498077549450157 -15.845289258866316 -16.195086148431724 -16.547299997711416 -16.901775406292483 -17.258368750043427 -17.61694721868591 -17.977387929978025 -18.339577115746916 -1.7976931348623157E308 -1.7976931348623157E308 
-7.087242202552597 -6.743466042554904 -6.405197461682494 -6.0732116713350255 -5.748423449097436 -5.431917109083333 -5.124983760619578 -4.8291677897397465 -4.546325077265127 -4.278696322632634 -4.029000301239429 -3.8005549266905376 -3.5974419033228315 -3.4247561980145806 -3.2890856048552433 -3.2 -3.2 -3.2890856048552433 -3.4247561980145806 -3.5974419033228315 -1.7976931348623157E308 -1.7976931348623157E308 -6.0 -6.080833004769876 -6.2049972327434695 -6.364335885100837 -6.553173958906895 -6.767031373871361 -7.002236770491551 -7.255738683835573 -7.524983760619569 -7.807826473094187 -8.102457902414848 -8.407348093412255 -8.721198905004366 -9.04290528124945 -9.37152337641717 -9.675478126148944 -9.931436412592374 -10.197130051020446 -10.471732533503904 -10.754516301666971 -11.044831646855258 -11.342092093909205 -11.645764252737273 -11.95536063675677 -12.270434397322859 -12.590575273216054 -12.915406306450459 -13.244581047540095 -13.577781085326322 -13.914713806536724 -14.255110332376038 -14.59872360370052 -14.945326599532606 -15.294710680329926 -15.646684050363914 -16.001070334513326 -16.35770726479275 -16.71644547155078 -17.077147373841324 -17.439686163103566 -17.8039448740681 -18.16981553672487 -1.7976931348623157E308 -1.7976931348623157E308 
-6.882747821658523 -6.529984504255802 -6.182070961671048 -5.839732313155899 -5.503834535344418 -5.1754177531371015 -4.855738683835572 -4.546325077265127 -4.2490460001442285 -3.9662032876696096 -3.700651841752845 -3.4559608180084007 -3.236637735965812 -3.0484670935326763 -2.8991320755628722 -2.8000000000000003 -2.8000000000000003 -2.8991320755628722 -3.0484670935326763 -3.236637735965812 -1.7976931348623157E308 -1.7976931348623157E308 -5.6000000000000005 -5.6890856048552365 -5.82475619801456 -5.997441903322818 -6.200554926690522 -6.429000301239433 -6.678696322632648 -6.946325077265126 -7.229167789739744 -7.524983760619569 -7.831917109083342 -8.148423449097418 -8.47321167133506 -8.805197461682516 -9.105401565858896 -9.359497272736535 -9.624051709653356 -9.898120200850139 -10.180882956206744 -10.471614657162206 -10.769664424337368 -11.074442646651672 -11.385412145097071 -11.702081977959764 -12.024002813708467 -12.35076322267991 -12.681986513271191 -13.017327907124708 -13.356471946745842 -13.699130084104448 -14.045038427551848 -14.393955638018362 -14.74566097084221 -15.099952460772109 -15.45664524699212 -15.815570033686777 -16.17657168032383 -16.53950791473492 -16.904248161338867 -17.27067247643831 -17.6386705824 -18.008140992633795 -1.7976931348623157E308 -1.7976931348623157E308 
-6.6941794205542156 -6.332611337675015 -5.975179082340732 -5.622539581092133 -5.275487393552407 -4.9349904405236975 -4.602236770491549 -4.278696322632634 -3.9662032876696096 -3.6670671488105366 -3.3842244363359173 -3.12145015198512 -2.8836620862018414 -2.677388864033881 -2.511610680547581 -2.4000000000000004 -2.4000000000000004 -2.511610680547581 -2.677388864033881 -2.8836620862018414 -1.7976931348623157E308 -1.7976931348623157E308 -5.2 -5.299132075562863 -5.448467093532655 -5.636637735965813 -5.855960818008402 -6.10065184175285 -6.366203287669609 -6.649046000144228 -6.946325077265126 -7.255738683835573 -7.5754177531371285 -7.903834535344439 -8.239732313155901 -8.535336346533198 -8.787308806781036 -9.050571113684962 -9.3240334603624 -9.606767387009128 -9.897960309210804 -10.196887377738523 -10.502894230562257 -10.815386214183837 -11.133821264823863 -11.457704775760575 -11.786585511241096 -12.12005207182497 -12.457729669964442 -12.79927711128039 -13.144383945223954 -13.492767779160287 -13.844171760497956 -14.198362232607392 -14.555126567483377 -14.914271174253592 -15.275619679022547 -15.639011268692968 -16.004299189410897 -16.371349389076833 -16.740039292798464 -17.110256700082335 -17.48189879281854 -17.854871243623812 -1.7976931348623157E308 -1.7976931348623157E308 
-6.5230989674245095 -6.153050253788048 -5.786379235521041 -5.423655747852957 -5.065578306140361 -4.713010722801271 -4.367031373871385 -4.029000301239429 -3.700651841752845 -3.3842244363359173 -3.0826457973643766 -2.7998030848897577 -2.5409503154433124 -2.313359203319289 -2.1274973431226702 -2.0 -2.0 -2.1274973431226702 -2.313359203319289 -2.5409503154433124 -1.7976931348623157E308 -1.7976931348623157E308 -4.800000000000001 -4.911610680547578 -5.07738886403388 -5.283662086201847 -5.521450151985114 -5.784224436335901 -6.06706714881052 -6.366203287669609 -6.678696322632648 -7.002236770491551 -7.334990440523717 -7.675487393552405 -7.965316221987121 -8.214857516907479 -8.476648414589397 -8.749418398665474 -9.032111647286301 -9.323815930531268 -9.623721941983304 -9.931100606620248 -10.24529025927116 -10.565688877049 -10.891748716764708 -11.222972009953693 -11.558907093665324 -11.899144731583931 -12.243314559221847 -12.591081661448897 -12.942143313387895 -13.296225915294432 -13.653082143040605 -14.012488325167755 -14.374242048078242 -14.738159983728984 -15.104075929205402 -15.471839044454965 -15.841312272827182 -16.212370928506644 -16.584901435092444 -16.958800200241363 -17.333972612219497 -17.710332145313462 -1.7976931348623157E308 -1.7976931348623157E308 
-6.371230769515914 -5.993199184467181 -5.617762298370909 -5.245384758242881 -4.876644192813967 -4.512266382621914 -4.1531739589069145 -3.8005549266905376 -3.4559608180084007 -3.12145015198512 -2.7998030848897577 -2.4948518695291586 -2.2120091570545397 -1.959162409256647 -1.7483609197910952 -1.6 -1.6 -1.7483609197910952 -1.959162409256647 -2.2120091570545397 -1.7976931348623157E308 -1.7976931348623157E308 -4.4 -4.527497343122658 -4.713359203319281 -4.940950315443303 -5.199803084889744 -5.482645797364363 -5.784224436335901 -6.10065184175285 -6.429000301239433 -6.767031373871361 -7.113010722801258 -7.3953735452903775 -7.642127168787081 -7.902240911255284 -8.174215734657297 -8.456849542176744 -8.74911954989809 -9.050121555111335 -9.359040276024098 -9.67513506884988 -9.99773246366157 -10.32622128900001 -10.660048520552975 -10.998715170483703 -11.341772067629202 -11.6888155853783 -12.0394834287642 -12.393450584417451 -12.750425508951492 -13.110146601486804 -13.472378981145702 -13.836911572011775 -14.203554485671388 -14.572136683823121 -14.942503899305354 -15.314516792176498 -15.688049317367987 -16.062987281324325 -16.439227066506565 -16.816674504393472 -17.195243879469345 -17.574857048526905 -1.7976931348623157E308 -1.7976931348623157E308 
-6.24049393191633 -5.855187791610122 -5.471697355252441 -5.090367354680684 -4.711632643401054 -4.3360488147392235 -3.9643358851008585 -3.5974419033228315 -3.236637735965812 -2.8836620862018414 -2.5409503154433124 -2.2120091570545397 -1.9020599319739966 -1.6192172194993775 -1.3768921627216202 -1.2000000000000002 -1.2000000000000002 -1.3768921627216202 -1.6192172194993775 -1.9020599319739966 -1.7976931348623157E308 -1.7976931348623157E308 -4.0 -4.148360919791092 -4.359162409256643 -4.612009157054529 -4.894851869529148 -5.199803084889744 -5.521450151985114 -5.855960818008402 -6.200554926690522 -6.553173958906895 -6.825513625807017 -7.069090786096632 -7.327305553755268 -7.598364553209442 -7.880907542757675 -8.173798078928385 -8.476029376902854 -8.786686946797259 -9.104935526226635 -9.430014523100633 -9.761235273697839 -10.097977797027612 -10.439686592185877 -10.785865692625089 -11.136073342983375 -11.489916624123401 -11.847046260797407 -12.20715175801542 -12.56995694311831 -12.935215942123543 -13.302709587539448 -13.672242236079581 -14.04363896465126 -14.416743108647854 -14.791414105818312 -15.167525610340153 -15.544963844226757 -15.923626156241731 -16.303419761673435 -16.68426063943721 -17.06607256587862 -17.448786267304364 -1.7976931348623157E308 -1.7976931348623157E308 
-6.133073364787243 -5.741455275493614 -5.350918918998552 -4.961681619372048 -4.574021642213945 -4.1883007252772755 -3.8049972327434904 -3.4247561980145806 -3.0484670935326763 -2.677388864033881 -2.313359203319289 -1.959162409256647 -1.6192172194993775 -1.3009742826450679 -1.0181315701704488 -0.8 -0.8 -1.0181315701704488 -1.3009742826450679 -1.6192172194993775 -1.7976931348623157E308 -1.7976931348623157E308 -3.6 -3.7768921627216203 -4.019217219499371 -4.30205993197399 -4.612009157054529 -4.940950315443303 -5.283662086201847 -5.636637735965813 -5.997441903322818 -6.255629275381354 -6.495682840864861 -6.7518051624304505 -7.021813927416709 -7.304209800035318 -7.597765424631184 -7.901373531903656 -8.214006014347769 -8.534711006939286 -8.862617879962064 -9.196940187766653 -9.536974678911802 -9.882097105483634 -10.231756076600865 -10.585466015931026 -10.942799957255925 -11.303382626171128 -11.666884048863054 -12.033013792960656 -12.401515862432998 -12.772164221354702 -13.144758897199067 -13.519122604213363 -13.895097825547436 -14.272544295432759 -14.651336827577694 -15.03136344170851 -15.412523746066748 -15.794727539261144 -16.177893599965408 -16.56194863747422 -16.946826380082225 -17.332466781658002 -1.7976931348623157E308 -1.7976931348623157E308 
-6.051616185005458 -5.6549604533621505 -5.25875425885452 -4.863092866921405 -4.468100094653824 -4.07393975024035 -3.680833004769869 -3.2890856048552433 -2.8991320755628722 -2.511610680547581 -2.1274973431226702 -1.7483609197910952 -1.3768921627216202 -1.0181315701704488 -0.682842712474619 -0.4 -0.4 -0.682842712474619 -1.0181315701704488 -1.3768921627216202 -1.7976931348623157E308 -1.7976931348623157E308 -3.2 -3.418131570170448 -3.700974282645067 -4.019217219499371 -4.359162409256643 -4.713359203319281 -5.07738886403388 -5.448467093532655 -5.685207529317642 -5.9216984900777065 -6.175723021983403 -6.444557125177416 -6.726694855124528 -7.020920952517466 -7.326057685933613 -7.640946733746396 -7.964484610614825 -8.295653884629779 -8.633539110486554 -8.977330091222338 -9.326317267858572 -9.679883083523794 -10.03749181350214 -10.398679295795226 -10.763043304034838 -11.130234889027431 -11.499950781654446 -11.871926827358294 -12.245932364610786 -12.621765438019942 -12.999248734212323 -13.378226135589859 -13.758559798086914 -14.14012767120812 -14.52282139040703 -14.906544482602811 -15.291210835040841 -15.676743385800672 -16.063073001097408 -16.450137510281692 -16.83788087423212 -17.226252466838726 -1.7976931348623157E308 -1.7976931348623157E308 
-6.0 -5.6000000000000005 -5.2 -4.800000000000001 -4.4 -4.0 -3.6 -3.2 -2.8000000000000003 -2.4000000000000004 -2.0 -1.6 -1.2000000000000002 -0.8 -0.4 -0.0 -0.0 -0.4 -0.8 -1.2000000000000002 -1.7976931348623157E308 -1.7976931348623157E308 -2.8000000000000003 -3.082842712474619 -3.418131570170448 -3.7768921627216203 -4.148360919791092 -4.527497343122658 -4.911610680547578 -5.112199606972119 -5.346376928273856 -5.599096528709258 -5.866738334352947 -6.148367616653126 -6.44314891292062 -6.749939396663663 -7.067423631872453 -7.394279168858787 -7.72927567746922 -8.071317280509106 -8.419451338421695 -8.772860627573811 -9.130848726800288 -9.49282369725046 -9.85828244922854 -10.226796770113422 -10.598001280599592 -10.971583258369016 -11.347274133999797 -11.724842424981695 -12.1040878789779 -12.484836620995262 -12.866937128161604 -13.250256884418992 -13.63467959316515 -14.020102847935057 -14.406436179638618 -14.793599414026358 -15.181521285392808 -15.570138262543011 -15.959393551134387 -16.349236243044817 -16.73962058870296 -17.13050537259434 -1.7976931348623157E308 -1.7976931348623157E308 
-6.0 -5.6000000000000005 -5.2 -4.800000000000001 -4.4 -4.0 -3.6 -3.2 -2.8000000000000003 -2.4000000000000004 -2.0 -1.6 -1.2000000000000002 -0.8 -0.4 -0.0 -0.0 -0.4 -0.8 -1.2000000000000002 -1.6 -2.0 -2.4000000000000004 -2.8000000000000003 -3.2 -3.6 -4.0 -4.4 -4.527497343122658 -4.7661301304275385 -5.022091587581513 -5.289043624262675 -5.569471007066905 -5.864316657578701 -6.172771422417348 -6.493269182021027 -6.824105403221364 -7.163702808532398 -7.510695396522363 -7.86393468290291 -8.222467385467901 -8.585505685442532 -8.952398395300943 -9.322605834593086 -9.695678941878285 -10.071242293151897 -10.448980438450915 -10.828626950757661 -11.20995565029201 -11.592773557927462 -11.976915218302494 -12.362238107740696 -12.748618902924603 -13.135950434632662 -13.524139188786458 -13.913103246614765 -14.30277057871524 -14.693077625649364 -15.083968111607087 -15.475392048525562 -15.867304896547768 -16.259666853385117 -16.65244225042463 -17.045599037600095 -1.7976931348623157E308 -1.7976931348623157E308 
-6.0 -5.6000000000000005 -5.2 -4.800000000000001 -4.4 -4.0 -3.6 -3.2 -2.8000000000000003 -2.4000000000000004 -2.0 -1.6 -1.2000000000000002 -0.8 -0.4 -0.0 -0.0 -0.4 -0.8 -1.2000000000000002 -1.6 -2.0 -2.4000000000000004 -2.8000000000000003 -3.2 -3.6 -4.0 -4.0 -4.148360919791092 -4.44510927001018 -4.710550593158622 -4.991156716004237 -5.284233416673269 -5.59400934658939 -5.918103681923328 -6.253934299295974 -6.599277925492642 -6.95234150103726 -7.311707598202901 -7.676259414001129 -8.045113780510361 -8.417567623194818 -8.793056814247121 -9.171124971469265 -9.551399849073572 -9.933575415580963 -10.317398169181523 -10.702656614196425 -11.089173106389842 -11.476797484560604 -11.865402058700997 -12.254877636080998 -12.64513034745569 -13.036079094676532 -13.42765348441291 -13.819792144822486 -14.212441345940448 -14.605553862513379 -14.999088031566394 -15.393006967307759 -15.787277903881638 -16.181871642563895 -16.576762084724333 -16.971925835567454 -1.7976931348623157E308 -1.7976931348623157E308 
-6.0 -5.6000000000000005 -5.2 -4.800000000000001 -4.4 -4.0 -3.6 -3.2 -2.8000000000000003 -2.4000000000000004 -2.0 -1.6 -1.2000000000000002 -0.8 -0.4 -0.0 -0.0 -0.4 -0.8 -1.2000000000000002 -1.7976931348623157E308 -1.7976931348623157E308 -2.8000000000000003 -3.082842712474619 -3.418131570170448 -3.7768921627216203 -3.6 -3.6 -3.7768921627216203 -4.117848801126528 -4.404218302070525 -4.702059931973996 -5.012009157054539 -5.3409503154433065 -5.683662086201821 -6.036637735965785 -6.39744190332279 -6.7643358851008335 -7.136048814739225 -7.511632643401057 -7.890367354680674 -8.271697355252448 -8.655187791610116 -9.040493931916352 -9.427339309565722 -9.815499861952134 -10.204792246519725 -10.59506511571854 -10.986192519566139 -11.378068859290455 -11.770604986187394 -12.163725156002013 -12.557364629406777 -12.951467765373549 -13.345986494125638 -13.740879084989281 -14.136109145255089 -14.531644801407055 -14.927458025368885 -15.323524076863968 -15.719821039344907 -16.116329431792508 -16.51303188238398 -16.90991285289736 -1.7976931348623157E308 -1.7976931348623157E308 
-6.051616185005458 -5.6549604533621505 -5.25875425885452 -4.863092866921405 -4.468100094653824 -4.07393975024035 -3.680833004769869 -3.2890856048552433 -2.8991320755628722 -2.511610680547581 -2.1274973431226702 -1.7483609197910952 -1.3768921627216202 -1.0181315701704488 -0.682842712474619 -0.4 -0.4 -0.682842712474619 -1.0181315701704488 -1.3768921627216202 -1.7976931348623157E308 -1.7976931348623157E308 -3.2 -3.418131570170448 -3.700974282645067 -3.418131570170448 -3.2 -3.2 -3.418131570170448 -3.80421727537765 -4.100974282645061 -4.419217219499365 -4.759162409256638 -5.113359203319277 -5.477388864033859 -5.848467093532644 -6.224756198014549 -6.604997232743475 -6.988300725277269 -7.374021642213951 -7.761681619372062 -8.150918918998538 -8.541455275493577 -8.9330733647872 -9.325601146660551 -9.71890076479767 -10.112860536443046 -10.50738907812943 -10.902410934719327 -11.297863283646947 -11.693693419562155 -12.08985681308785 -12.486315597199017 -12.883037375771247 -13.279994277434561 -13.677162198052011 -14.07452018957134 -14.47204996343855 -14.869735484390896 -15.267562636093183 -15.665518944281486 -16.063593346246947 -16.46177599789549 -16.8600581114547 -1.7976931348623157E308 -1.7976931348623157E308 
-6.133073364787243 -5.741455275493614 -5.350918918998552 -4.961681619372048 -4.574021642213945 -4.1883007252772755 -3.8049972327434904 -3.4247561980145806 -3.0484670935326763 -2.677388864033881 -2.313359203319289 -1.959162409256647 -1.6192172194993775 -1.3009742826450679 -1.0181315701704488 -0.8 -0.8 -1.0181315701704488 -1.3009742826450679 -1.6192172194993775 -1.7976931348623157E308 -1.7976931348623157E308 -3.6 -3.7768921627216203 -3.418131570170448 -3.082842712474619 -2.8000000000000003 -2.8000000000000003 -3.082842712474619 -3.4828427124746195 -3.8181315701704457 -4.1768921627216145 -4.548360919791089 -4.927497343122653 -5.311610680547575 -5.699132075562861 -6.089085604855225 -6.480833004769861 -6.873939750240351 -7.2681000946537955 -7.663092866921371 -8.058754258854462 -8.45496045336211 -8.851616185005428 -9.248647001498597 -9.645993903850453 -10.043609555763322 -10.441455552554105 -10.839500420365491 -11.23771812816803 -11.636086965918645 -12.034588688185444 -12.4332078529324 -12.831931305618077 -13.230747772767884 -13.629647538919583 -14.028622187702195 -14.42766439270819 -14.826767747368073 -15.225926625615898 -15.625136067053681 -16.02439168174379 -16.423689570836128 -16.823026260045186 -1.7976931348623157E308 -1.7976931348623157E308 
-6.24049393191633 -5.855187791610122 -5.471697355252441 -5.090367354680684 -4.711632643401054 -4.3360488147392235 -3.9643358851008585 -3.5974419033228315 -3.236637735965812 -2.8836620862018414 -2.5409503154433124 -2.2120091570545397 -1.9020599319739966 -1.6192172194993775 -1.3768921627216202 -1.2000000000000002 -1.2000000000000002 -1.3768921627216202 -1.6192172194993775 -1.9020599319739966 -1.7976931348623157E308 -1.7976931348623157E308 -4.0 -3.6 -3.2 -2.8000000000000003 -2.4000000000000004 -2.4000000000000004 -2.8000000000000003 -3.2 -3.6 -4.0 -4.4 -4.800000000000001 -5.2 -5.6000000000000005 -6.0 -6.4 -6.800000000000001 -7.2 -7.6000000000000005 -8.0 -8.4 -8.8 -9.200000000000001 -9.600000000000001 -10.0 -10.4 -10.8 -11.200000000000001 -11.600000000000001 -12.0 -12.4 -12.8 -13.200000000000001 -13.600000000000001 -14.0 -14.4 -14.8 -15.200000000000001 -15.600000000000001 -16.0 -16.400000000000002 -16.8 -1.7976931348623157E308 -1.7976931348623157E308 
