<?xml version="1.0" encoding="UTF-8" standalone="yes"?>
<output>
    <distanceMap>-80.3432191167989 -79.4207760475729 -78.50014861142938 -77.58139798935119 -76.66458799709181 -75.7497852205184 -74.83705915883844 -73.92648237621458 -73.01813066228722 -72.11208320217968 -71.2084227565873 -70.30723585257428 -69.40861298578069 -68.51264883473077 -67.6194424880185 -66.7290976852006 -65.8417230722253 -64.95743247231415 -64.0763451732692 -63.19858623220016 -62.32428679875744 -61.453584457974856 -60.58662359391075 -59.723555775312 -58.86454016459689 -58.00974395148328 -57.15934281265038 -56.313521398869675 -55.47247385105458 -54.63640434674079 -53.805527678487344 -52.98006986572946 -52.160268801560264 -51.34637493591456 -50.538651996539436 -49.73737774904699 -48.94284479721508 -48.15536142449832 -47.375252477489525 -46.602860291753366 -45.83854566007292 -45.08268884267329 -44.33569061840643 -43.597973375179734 -42.869982237075476 -42.152186224609856 -41.44507944342331 -40.74918229533637 -40.065042704143096 -39.39323734674417 -38.734372878226964 -38.089087137290626 -37.45805031602457 -36.84196607551022 -36.2415725861471 -35.65764346913721 -35.090988613427065 -34.54245484102865 -34.012926393530385 -33.50332521473148 -33.014611010054935 -32.547781074981266 -32.10386990583047 -31.68394864289236 -31.2891244587686 -30.920540112983527 -30.579374083898255 -30.266842034151463 -29.984201024786515 -29.73275923699463 -29.513896950664844 -29.329112003517654 -29.1801249085965 -29.06916098177059 -29.0 -29.06916098177059 -29.1801249085965 -29.329112003517654 -29.513896950664844 -29.73275923699463 -29.984201024786515 -30.266842034151463 -30.579374083898255 -30.920540112983527 -31.2891244587686 -31.68394864289236 -32.10386990583047 -32.547781074981266 -33.014611010054935 -33.50332521473148 -34.012926393530385 -34.54245484102865 -35.090988613427065 -35.65764346913721 -36.2415725861471 -36.84196607551022 -37.45805031602457 -38.089087137290626 -38.734372878226964 -39.39323734674417 -40.065042704143096 -40.74918229533637 -41.44507944342331 -42.152186224609856 -42.869982237075476 -43.597973375179734 -44.33569061840643 -45.08268884267329 -45.83854566007292 -46.602860291753366 
-79.95708599980927 -79.03033383184582 -78.1053102971398 -77.18207426341795 -76.26068716771125 -75.34121315058044 -74.42371919833622 -73.50827529377325 -72.59495457596907 -71.68383350974673 -70.7749920654286 -69.86851390956414 -68.96448660733583 -68.06300183741723 -67.16415562010171 -66.26804855956797 -65.37478610120317 -64.48447880496543 -63.59724263583769 -62.71319927246281 -61.83247643514412 -60.95520823444395 -60.08153554168681 -59.21160638274678 -58.34557635656614 -57.48360907992221 -56.62587666003221 -55.77256019664309 -54.92385031532576 -54.079947733739004 -53.24106386267825 -52.40742144375634 -51.57925522558672 -50.75681268033244 -49.940354762461205 -49.13015671148864 -48.32650890040666 -47.52971773133376 -46.74010657975146 -45.95801678841391 -45.18380871168044 -44.41786281058492 -43.66058079841665 -42.912386835899895 -42.17372877425599 -41.44507944342331 -40.726937981533716 -40.01983120034717 -39.32431497969257 -38.64097568207897 -37.970431576460605 -37.31333425769108 -36.67037004548968 -36.04226134379305 -35.42976793827439 -34.833688206698824 -34.25486021387479 -33.69416266065071 -33.15251565523911 -32.6308812760472 -32.130263899628865 -31.651710277609013 -31.1963093662892 -30.76519194842382 -30.359530149382877 -29.980537059478852 -29.62946686849192 -29.307616273537562 -29.016328601709994 -28.757003478814035 -28.53111797077775 -28.340272863138026 -28.18630047392848 -28.071555469255507 -28.0 -28.071555469255507 -28.18630047392848 -28.340272863138026 -28.53111797077775 -28.757003478814035 -29.016328601709994 -29.307616273537562 -29.62946686849192 -29.980537059478852 -30.359530149382877 -30.76519194842382 -31.1963093662892 -31.651710277609013 -32.130263899628865 -32.6308812760472 -33.15251565523911 -33.69416266065071 -34.25486021387479 -34.833688206698824 -35.42976793827439 -36.04226134379305 -36.67037004548968 -37.31333425769108 -37.970431576460605 -38.64097568207897 -39.32431497969257 -40.01983120034717 -40.726937981533716 -41.44507944342331 -42.17372877425599 -42.912386835899895 -43.66058079841665 -44.41786281058492 -45.18380871168044 -45.95801678841391 
-79.58141271199723 -78.65042402644006 -77.72107700077113 -76.79342812634263 -75.86753639279019 -74.94346342072755 -74.0212736025093 -73.1010342516008 -72.18281576114478 -71.26669177233336 -70.35273935324769 -69.44103918887592 -68.53167578306639 -67.62473767322071 -66.72031765860801 -65.81851304320065 -64.91942589404087 -64.02316331618232 -63.129837745328345 -62.239567259371626 -61.3524759101029 -60.46869407644861 -59.58835884067076 -58.711614389057814 -57.83861243872233 -56.96951269219906 -56.10448332164958 -55.24370148455135 -54.387353872847164 -53.5356372976145 -52.68875931139001 -51.84693887035847 -51.010407038672376 -50.1794077372077 -49.354198539086404 -48.53505151428096 -47.72225412559102 -46.916110178171536 -46.11694082468592 -45.32508562792262 -44.54090368246125 -43.76477479657308 -42.99710073507367 -42.2383065232005 -41.48884181082573 -40.74918229533637 -40.01983120034717 -39.30132080598513 -38.59421402479858 -37.899106015344366 -37.21662582318844 -36.54743803637385 -35.89224443939988 -35.25178564638229 -34.62684269044287 -34.01823854257273 -33.42683952946588 -32.85355661646093 -32.29934651934341 -31.765212608237444 -31.25220556964648 -30.761423801260488 -30.294013532311716 -29.85116869664161 -29.434130647651212 -29.04418791466145 -28.682676398257094 -28.35098076706635 -28.050538520670198 -27.782849621736368 -27.549497807532333 -27.35219771247327 -27.19290549512964 -27.07411884729921 -27.0 -27.07411884729921 -27.19290549512964 -27.35219771247327 -27.549497807532333 -27.782849621736368 -28.050538520670198 -28.35098076706635 -28.682676398257094 -29.04418791466145 -29.434130647651212 -29.85116869664161 -30.294013532311716 -30.761423801260488 -31.25220556964648 -31.765212608237444 -32.29934651934341 -32.85355661646093 -33.42683952946588 -34.01823854257273 -34.62684269044287 -35.25178564638229 -35.89224443939988 -36.54743803637385 -37.21662582318844 -37.899106015344366 -38.59421402479858 -39.30132080598513 -40.01983120034717 -40.74918229533637 -41.48884181082573 -42.2383065232005 -42.99710073507367 -43.76477479657308 -44.54090368246125 -45.32508562792262 
-79.21636467767607 -78.281216624186 -77.34762343502223 -76.41563916707885 -75.48532029906099 -74.55672586220206 -73.62991757912594 -72.70496001135633 -71.78192071612011 -70.86087041305329 -69.94188316151504 -69.02503654925356 -68.11041189319373 -67.19809445322478 -66.28817365988712 -65.3807433569308 -64.47590205981052 -63.573753231227826 -62.67440557492897 -61.77797334904149 -60.88457670033331 -59.994342020852876 -59.1074023285337 -58.223897673421725 -57.34397557132003 -56.46779146672936 -55.59550922710136 -54.72730167052274 -53.863351129081046 -53.00385005026044 -52.14900163885375 -51.29902054197691 -50.45413357987166 -49.61458052527884 -48.7806149342364 -47.95250503121014 -47.13053465148242 -46.315004243706305 -45.506231935476244 -44.70455466462421 -43.910329378758604 -43.12393430526423 -42.34577029357107 -41.57626223094731 -40.81586053237429 -40.065042704143096 -39.32431497969257 -38.59421402479858 -37.87530870753277 -37.16820192634622 -36.47353248720843 -35.79197701786651 -35.12425190398925 -34.47111522820172 -33.833368688854954 -33.21185947086021 -32.60748203626996 -32.02117979779443 -31.45394663466942 -30.906828208125166 -30.380923034632907 -29.877383281555108 -29.39741526579511 -28.942279668380102 -28.513291538475 -28.111820270699653 -27.739289940728185 -27.397180758374528 -27.08703312193728 -26.81045724681371 -26.569154667356425 -26.364966235314224 -26.199985693586196 -26.076869431919576 -26.0 -26.076869431919576 -26.199985693586196 -26.364966235314224 -26.569154667356425 -26.81045724681371 -27.08703312193728 -27.397180758374528 -27.739289940728185 -28.111820270699653 -28.513291538475 -28.942279668380102 -29.39741526579511 -29.877383281555108 -30.380923034632907 -30.906828208125166 -31.45394663466942 -32.02117979779443 -32.60748203626996 -33.21185947086021 -33.833368688854954 -34.47111522820172 -35.12425190398925 -35.79197701786651 -36.47353248720843 -37.16820192634622 -37.87530870753277 -38.59421402479858 -39.32431497969257 -40.065042704143096 -40.81586053237429 -41.57626223094731 -42.34577029357107 -43.12393430526423 -43.910329378758604 -44.70455466462421 
-78.86210754217086 -77.92288192429477 -76.98512471184198 -76.04888747477541 -75.11422412306571 -74.1811910350266 -73.24984719376627 -72.32025433236467 -71.39247708833953 -70.46658316812663 -69.54264352222012 -68.6207325318034 -67.7009282076472 -66.78331240220346 -65.86797103581826 -64.95499433811436 -64.04447710563404 -63.13651897695527 -62.231224726525745 -61.32870457861851 -60.42907454287271 -59.532456772995396 -58.63897995033577 -57.74877969414286 -56.86199900045501 -55.97878871169726 -55.09930801922245 -54.223725001144054 -53.352217197996914 -52.48497222888509 -51.622188450946624 -50.76407566512967 -49.910855871398724 -49.06276407666862 -48.22004915887156 -47.382974790704765 -46.551820426676045 -45.726882357155176 -44.908474833135664 -44.096931265395035 -43.292605501622155 -42.49587318490542 -41.7071331966545 -40.92680918660356 -40.155351191933036 -39.39323734674417 -38.64097568207897 -37.899106015344366 -37.16820192634622 -36.448872815071 -35.74176603388445 -35.04756908380278 -34.36701186097701 -33.700868935415365 -33.04996183928866 -32.41516133696136 -31.797389643293393 -31.197622551058384 -30.616891423028157 -30.05628500023133 -29.516950976595034 -29.000097294064542 -28.506993125478672 -28.03896954201109 -27.59741992020593 -27.183800253000005 -26.799629732275502 -26.44649235326349 -26.12604103804702 -25.84000731758129 -25.59022306391307 -25.378669413433947 -25.207593439428056 -25.07982826404514 -25.0 -25.07982826404514 -25.207593439428056 -25.378669413433947 -25.59022306391307 -25.84000731758129 -26.12604103804702 -26.44649235326349 -26.799629732275502 -27.183800253000005 -27.59741992020593 -28.03896954201109 -28.506993125478672 -29.000097294064542 -29.516950976595034 -30.05628500023133 -30.616891423028157 -31.197622551058384 -31.797389643293393 -32.41516133696136 -33.04996183928866 -33.700868935415365 -34.36701186097701 -35.04756908380278 -35.74176603388445 -36.448872815071 -37.16820192634622 -37.899106015344366 -38.64097568207897 -39.39323734674417 -40.155351191933036 -40.92680918660356 -41.7071331966545 -42.49587318490542 -43.292605501622155 -44.096931265395035 
-78.51880703426596 -77.57559038899629 -76.63375619314711 -75.6933534834694 -74.7544335497826 -73.81705006047345 -72.88125919609267 -71.94711979165243 -71.01469348823045 -70.08404489458792 -69.1552417595166 -68.22835515571708 -67.30345967606132 -66.38063364315953 -65.45995933323061 -64.54152321535176 -63.625416207236114 -62.7117339488069 -61.800577094902 -60.89205162857226 -59.986269196540945 -59.08334746851558 -58.18341052217478 -57.2865892557935 -56.39302183061332 -55.502854145224305 -54.61624034440456 -53.733343365012715 -52.854335521743224 -51.97939913572548 -51.10872720916002 -50.242524149374496 -49.381006545918744 -48.524404004483195 -47.67296004167203 -46.82693304482932 -45.98659730130393 -45.152244101703246 -44.32418292179503 -43.5027426878118 -42.68827312991066 -41.88114622849793 -41.081757757946896 -40.290528931951975 -39.507908154305966 -38.734372878226964 -37.970431576460605 -37.21662582318844 -36.47353248720843 -35.74176603388445 -35.02198093088677 -34.31487414970022 -33.62118775120068 -32.941711539211035 -32.27728576081516 -31.628803826345273 -30.99721501543292 -30.38352712855744 -29.788809036596042 -29.214193074757542 -28.660877223432 -28.130127019329024 -27.623277149998998 -27.141732710687418 -26.686970157231354 -26.260538095751944 -25.86405825368897 -25.49922736680194 -25.16782148556611 -24.871705801203557 -24.61285667766435 -24.393411573516953 -24.215788992997464 -24.083019632331116 -24.0 -24.083019632331116 -24.215788992997464 -24.393411573516953 -24.61285667766435 -24.871705801203557 -25.16782148556611 -25.49922736680194 -25.86405825368897 -26.260538095751944 -26.686970157231354 -27.141732710687418 -27.623277149998998 -28.130127019329024 -28.660877223432 -29.214193074757542 -29.788809036596042 -30.38352712855744 -30.99721501543292 -31.628803826345273 -32.27728576081516 -32.941711539211035 -33.62118775120068 -34.31487414970022 -35.02198093088677 -35.74176603388445 -36.47353248720843 -37.21662582318844 -37.970431576460605 -38.734372878226964 -39.507908154305966 -40.290528931951975 -41.081757757946896 -41.88114622849793 -42.68827312991066 -43.5027426878118 
-78.18662882895386 -77.23951249991633 -76.29369334067572 -75.3492178152711 -74.40613454896737 -73.46449445047342 -72.52435084221135 -71.58575959920265 -70.64877929726305 -69.71347137113779 -68.77990028339411 -67.84813370483326 -66.91824270733066 -65.99030197004316 -65.06439000002189 -64.14058936833725 -63.21898696292366 -62.29967425946244 -61.382747611702904 -60.468308562761514 -59.55646417905211 -58.64732740864353 -57.74101746598251 -56.83766024508402 -55.93738876345274 -55.04034363918646 -54.14667360390794 -53.256536054382636 -52.37009764587763 -51.48753493059382 -50.609035044703575 -49.73479644781069 -48.86502971891417 -47.99995841322313 -47.13981998445168 -46.284866777520875 -45.435367096837965 -44.59160635562377 -43.75388831197211 -42.92253639755595 -42.09789514504324 -41.28033172039301 -40.47023756620018 -39.66803016215678 -38.874154908427904 -38.089087137290626 -37.31333425769108 -36.54743803637385 -35.79197701786651 -35.04756908380278 -34.31487414970022 -33.59459699433763 -32.88749021315108 -32.19435728251437 -31.516055716304066 -30.853500289703018 -30.207666297808522 -29.57959280842067 -28.970385859749 -28.381221545428836 -27.813348922521143 -27.268092675488642 -26.746855474680636 -26.251119989032073 -25.782450562671592 -25.34249466821816 -24.932984452117296 -24.55573908288834 -24.21266940266285 -23.905788034909108 -23.63723182852098 -23.409312890005136 -23.224642032719565 -23.086471720463418 -23.0 -23.086471720463418 -23.224642032719565 -23.409312890005136 -23.63723182852098 -23.905788034909108 -24.21266940266285 -24.55573908288834 -24.932984452117296 -25.34249466821816 -25.782450562671592 -26.251119989032073 -26.746855474680636 -27.268092675488642 -27.813348922521143 -28.381221545428836 -28.970385859749 -29.57959280842067 -30.207666297808522 -30.853500289703018 -31.516055716304066 -32.19435728251437 -32.88749021315108 -33.59459699433763 -34.31487414970022 -35.04756908380278 -35.79197701786651 -36.54743803637385 -37.31333425769108 -38.089087137290626 -38.874154908427904 -39.66803016215678 -40.47023756620018 -41.28033172039301 -42.09789514504324 -42.92253639755595 
-77.86573841266058 -76.91481861637014 -75.96511156712326 -75.01666112413918 -74.06951321139414 -73.12371593612545 -72.17931971528192 -71.2363774105112 -70.29494447234126 -69.3550790942557 -68.41684237743866 -67.48029850700256 -66.54551494061035 -65.61256261046661 -64.6815161397253 -63.75245407448284 -62.8254591325807 -61.9006184705947 -60.97802397047172 -60.0577725474139 -59.13996648075073 -58.22471376968467 -57.312128515960175 -56.402331335681986 -55.49544980270199 -54.59161892619786 -53.69098166528687 -52.79368948377066 -51.8999029483413 -51.00979237388518 -50.12353851979018 -49.241333341484236 -48.363380801772486 -47.4898977468788 -46.62111485245596 -45.75727764522185 -44.89864760624184 -44.04550336227856 -43.198141971996534 -42.35688031418505 -41.52205658548478 -40.694031915392706 -39.87319210654194 -39.059949508364475 -38.25474503223842 -37.45805031602457 -36.67037004548968 -35.89224443939988 -35.12425190398925 -34.36701186097701 -33.62118775120068 -32.88749021315108 -32.166680432094736 -31.459573650908187 -30.76704282810962 -30.090022421710962 -29.429512269400206 -28.78658152622459 -28.162372610642546 -27.55810509913954 -26.975079499798476 -26.414680828550775 -25.87838191246424 -25.36774635981567 -24.884431180399837 -24.430189136661294 -24.00687110516909 -23.61642912631924 -23.26092162823627 -22.942524019173877 -22.66355171808129 -22.42651246546856 -22.23423354890546 -22.090217414796445 -22.0 -22.090217414796445 -22.23423354890546 -22.42651246546856 -22.66355171808129 -22.942524019173877 -23.26092162823627 -23.61642912631924 -24.00687110516909 -24.430189136661294 -24.884431180399837 -25.36774635981567 -25.87838191246424 -26.414680828550775 -26.975079499798476 -27.55810509913954 -28.162372610642546 -28.78658152622459 -29.429512269400206 -30.090022421710962 -30.76704282810962 -31.459573650908187 -32.166680432094736 -32.88749021315108 -33.62118775120068 -34.36701186097701 -35.12425190398925 -35.89224443939988 -36.67037004548968 -37.45805031602457 -38.25474503223842 -39.059949508364475 -39.87319210654194 -40.694031915392706 -41.52205658548478 -42.35688031418505 
-77.55630095367682 -76.60167883829482 -75.64818609133224 -74.69586394306788 -73.74475558777975 -72.79490629809986 -71.84636354717972 -70.89917713926157 -69.9533993492913 -69.00908507231686 -68.06629198341643 -67.1250807090188 -66.1855150104994 -65.24766198108563 -64.3115922571125 -63.377380244833645 -62.44510436405857 -61.51484731000499 -60.58669633490299 -59.66074355099596 -58.73708625675511 -57.81582728826859 -56.89707539796424 -55.980945663001606 -55.06755992589131 -54.15704727012777 -53.24954453387472 -52.345196865007125 -51.44415832111865 -50.5465925184219 -49.65267333380879 -48.76258566471227 -47.87652625181475 -46.994704570068 -46.11734379393961 -45.24468184328639 -44.376972516754186 -43.51448672011078 -42.657513797465604 -41.80636297385957 -40.96136491823889 -40.12287343632941 -39.29126730340123 -38.46695224730262 -37.650363092437956 -36.84196607551022 -36.04226134379305 -35.25178564638229 -34.47111522820172 -33.700868935415365 -32.941711539211035 -32.19435728251437 -31.459573650908187 -30.73818536470303 -30.031078583516482 -29.33920530769841 -28.66358795232972 -28.00532405924706 -27.365591100727983 -26.745651315523144 -26.146856504908992 -25.570652705438516 -25.018584650098695 -24.49229993807066 -23.99355286901239 -23.524207986629108 -23.086243568566026 -22.681755697357627 -22.312964370474443 -21.98222487035459 -21.692051644627444 -21.44517214822621 -21.244658209117688 -21.09429532041995 -21.0 -21.09429532041995 -21.244658209117688 -21.44517214822621 -21.692051644627444 -21.98222487035459 -22.312964370474443 -22.681755697357627 -23.086243568566026 -23.524207986629108 -23.99355286901239 -24.49229993807066 -25.018584650098695 -25.570652705438516 -26.146856504908992 -26.745651315523144 -27.365591100727983 -28.00532405924706 -28.66358795232972 -29.33920530769841 -30.031078583516482 -30.73818536470303 -31.459573650908187 -32.19435728251437 -32.941711539211035 -33.700868935415365 -34.47111522820172 -35.25178564638229 -36.04226134379305 -36.84196607551022 -37.650363092437956 -38.46695224730262 -39.29126730340123 -40.12287343632941 -40.96136491823889 -41.80636297385957 
-77.25848118129227 -76.3002628773895 -75.34309180110687 -74.38700653826696 -73.4320475340079 -72.4782572026037 -71.5256800448708 -70.57436277381778 -69.62435444916048 -68.67570662141728 -67.72847348637299 -66.7827120507492 -65.83848230999799 -64.8958474392328 -63.95487399837802 -63.01563215275259 -62.07819591037708 -61.142643377440905 -60.20905703348568 -59.27752402801363 -58.34813650038146 -57.42099192503212 -56.49619348428335 -55.57385047113287 -54.65407872475293 -53.73700110160091 -52.82274798537175 -51.91145783929284 -51.00327780461795 -50.09836434953892 -49.19688397311502 -48.299013969269325 -47.40494325636075 -46.51487327835112 -45.629018984122695 -44.74760989210691 -43.870891247996035 -42.99912528397856 -42.13259258863981 -41.271593597401136 -40.41645021412003 -39.56750757522939 -38.72513596856045 -37.889732919700435 -37.06172545940509 -36.2415725861471 -35.42976793827439 -34.62684269044287 -33.833368688854954 -33.04996183928866 -32.27728576081516 -31.516055716304066 -30.76704282810962 -30.031078583516482 -29.309059629326963 -28.601952848140417 -27.910800700137056 -27.23672680334202 -26.580941712325565 -25.944748840322955 -25.329550453618495 -24.736853651545342 -24.16827623435432 -23.625552361722125 -23.110537930644682 -22.62521567937013 -22.17170020598256 -21.75224348269041 -21.369242280523856 -21.02525073325837 -20.72300545674124 -20.46548129891536 -20.256027336798475 -20.098751050913695 -20.0 -20.098751050913695 -20.256027336798475 -20.46548129891536 -20.72300545674124 -21.02525073325837 -21.369242280523856 -21.75224348269041 -22.17170020598256 -22.62521567937013 -23.110537930644682 -23.625552361722125 -24.16827623435432 -24.736853651545342 -25.329550453618495 -25.944748840322955 -26.580941712325565 -27.23672680334202 -27.910800700137056 -28.601952848140417 -29.309059629326963 -30.031078583516482 -30.76704282810962 -31.516055716304066 -32.27728576081516 -33.04996183928866 -33.833368688854954 -34.62684269044287 -35.42976793827439 -36.2415725861471 -37.06172545940509 -37.889732919700435 -38.72513596856045 -39.56750757522939 -40.41645021412003 -41.271593597401136 
-76.97244327809572 -76.01073994093838 -75.05000312821088 -74.09026877493503 -73.13157456730681 -72.17396004756444 -71.21746672621256 -70.26213820226491 -69.30802029210955 -68.35516116773744 -67.40361150508214 -66.45342464333223 -65.5046567561269 -64.55736703565529 -63.61161789074672 -62.667475160175144 -61.72500834248123 -60.78429084378188 -59.845400245133284 -58.908418591204274 -57.973432702161936 -57.040534510872945 -56.10982142771906 -55.18139673556554 -54.25537001765617 -53.33185762150246 -52.41098316213048 -51.49287806837891 -50.577682176330576 -49.66554437435025 -48.756623304653715 -47.8510881268352 -46.94911934930279 -46.050909735175374 -45.15666528983079 -44.26660633799478 -43.38096869903512 -42.50000496991713 -41.62398592619212 -40.75320205230236 -39.8879652135064 -39.0286104827537 -38.175498136933555 -37.3290158380135 -36.48958101567912 -35.65764346913721 -34.833688206698824 -34.01823854257273 -33.21185947086021 -32.41516133696136 -31.628803826345273 -30.853500289703018 -30.090022421710962 -29.33920530769841 -28.601952848140417 -27.87924356474196 -27.172136783555413 -26.481779179727884 -25.809411654833767 -25.156376501262233 -24.524124789256934 -23.914223892382587 -23.328365049719068 -22.768370854816173 -22.23620257597919 -21.73396727662357 -21.26392487183602 -20.828495638774736 -20.430269535759756 -20.072020544467026 -19.756733596374808 -19.48766278929642 -19.26847269532363 -19.103638881385304 -19.0 -19.103638881385304 -19.26847269532363 -19.48766278929642 -19.756733596374808 -20.072020544467026 -20.430269535759756 -20.828495638774736 -21.26392487183602 -21.73396727662357 -22.23620257597919 -22.768370854816173 -23.328365049719068 -23.914223892382587 -24.524124789256934 -25.156376501262233 -25.809411654833767 -26.481779179727884 -27.172136783555413 -27.87924356474196 -28.601952848140417 -29.33920530769841 -30.090022421710962 -30.853500289703018 -31.628803826345273 -32.41516133696136 -33.21185947086021 -34.01823854257273 -34.833688206698824 -35.65764346913721 -36.48958101567912 -37.3290158380135 -38.175498136933555 -39.0286104827537 -39.8879652135064 -40.75320205230236 
-76.69835079133426 -75.73327863431446 -74.76909394157188 -73.80583000074625 -72.84352173955162 -71.88220582529792 -70.92192077152642 -69.96270705238047 -69.00460722531713 -68.04766606289864 -67.0919306943852 -66.13745075800573 -65.18427856478374 -64.23246927495863 -63.28208108808614 -62.333175448020675 -61.385817264118806 -60.44007515011095 -59.496021682253264 -58.55373367851147 -57.61329250072683 -56.67478438189571 -55.73830078091785 -54.803938767418856 -53.87180143949668 -52.94199837757495 -52.014646137835946 -51.08986878910909 -50.16779849746857 -49.24857616325819 -48.3323521157508 -47.419286871212876 -46.50955196073831 -45.60333083490323 -44.700819853025074 -43.8022293656359 -42.90778489967322 -42.017728456876284 -41.13231993695318 -40.251838698245265 -39.37658526988954 -38.50688323082085 -37.643081272423025 -36.785555463144306 -35.93471173498888 -35.090988613427065 -34.25486021387479 -33.42683952946588 -32.60748203626996 -31.797389643293393 -30.99721501543292 -30.207666297808522 -29.429512269400206 -28.66358795232972 -27.910800700137056 -27.172136783555413 -26.44866848512254 -25.741561703935993 -25.052084058479526 -24.38161345834753 -23.731647094938758 -23.10381077768538 -22.499868518842245 -21.921732252460053 -21.37147157498455 -20.851323442621737 -20.363701908900957 -19.91120834960211 -19.496643454162925 -19.123024158613593 -18.793613198512627 -18.511980616299397 -18.282151341107685 -18.109023889408288 -18.0 -18.109023889408288 -18.282151341107685 -18.511980616299397 -18.793613198512627 -19.123024158613593 -19.496643454162925 -19.91120834960211 -20.363701908900957 -20.851323442621737 -21.37147157498455 -21.921732252460053 -22.499868518842245 -23.10381077768538 -23.731647094938758 -24.38161345834753 -25.052084058479526 -25.741561703935993 -26.44866848512254 -27.172136783555413 -27.910800700137056 -28.66358795232972 -29.429512269400206 -30.207666297808522 -30.99721501543292 -31.797389643293393 -32.60748203626996 -33.42683952946588 -34.25486021387479 -35.090988613427065 -35.93471173498888 -36.785555463144306 -37.643081272423025 -38.50688323082085 -39.37658526988954 -40.251838698245265 
-76.43636657092289 -75.46804688983528 -74.50053746650009 -73.5338689549351 -72.56807353570277 -71.60318500975771 -70.639238899098 -69.6762725548376 -68.71432527329536 -67.75343842079747 -66.79365556795338 -65.83502263420466 -64.87758804357034 -63.92140289256897 -62.966521131418155 -62.01299975969738 -61.060899037803075 -60.11028271565316 -59.161218280233435 -58.21377722376079 -57.2680353344189 -56.32407301181965 -55.38197560957808 -54.44183380764134 -53.503744017290856 -52.56780882206724 -51.63413745819507 -50.7028463385015 -49.77405962424423 -48.84790984976506 -47.924538605409914 -47.00409728480145 -46.0867479031763 -45.17266399430605 -44.26203159432429 -43.35505032173068 -42.45193456388811 -41.55291478146727 -40.65823894357372 -39.768174107696595 -38.88300816016969 -38.00305173451648 -37.12864032691028 -36.2601366299662 -35.39793310823349 -34.54245484102865 -33.69416266065071 -32.85355661646093 -32.02117979779443 -31.197622551058384 -30.38352712855744 -29.57959280842067 -28.78658152622459 -28.00532405924706 -27.23672680334202 -26.481779179727884 -25.741561703935993 -25.017254741097705 -24.31014795991116 -23.621650481330164 -22.953301696842303 -22.306782705417266 -21.6839282897238 -21.086739326248072 -20.517395512564278 -19.97826832417165 -19.471934238039893 -19.001188598459663 -18.569061316563626 -18.178837514265396 -17.834090875355894 -17.53874965488033 -17.297251911994227 -17.11498475962599 -17.0 -17.11498475962599 -17.297251911994227 -17.53874965488033 -17.834090875355894 -18.178837514265396 -18.569061316563626 -19.001188598459663 -19.471934238039893 -19.97826832417165 -20.517395512564278 -21.086739326248072 -21.6839282897238 -22.306782705417266 -22.953301696842303 -23.621650481330164 -24.31014795991116 -25.017254741097705 -25.741561703935993 -26.481779179727884 -27.23672680334202 -28.00532405924706 -28.78658152622459 -29.57959280842067 -30.38352712855744 -31.197622551058384 -32.02117979779443 -32.85355661646093 -33.69416266065071 -34.54245484102865 -35.39793310823349 -36.2601366299662 -37.12864032691028 -38.00305173451648 -38.88300816016969 -39.768174107696595 
-76.18665274428098 -75.21521193228666 -74.2445062403857 -73.2745637135866 -72.30541380811016 -71.337087479243 -70.36961727566613 -69.403037440822 -68.43738402194845 -67.47269498741485 -66.50901035310955 -65.54637231867159 -64.58482541445608 -63.62441666019153 -62.66519573642052 -61.707215169882126 -60.750530534145774 -59.79520066694101 -58.84128790576244 -57.888858343508886 -56.93798210611509 -55.988733654315986 -55.04119211195705 -54.09544162349067 -53.15157174362091 -52.20967786238147 -51.26986166929346 -50.33223166067487 -49.39690369464562 -48.46400159887811 -47.53365783673976 -46.60601423814876 -45.681222802171014 -44.75944657925312 -43.84086064190233 -42.925653153671774 -42.014026547500464 -41.106198825753715 -40.2024049958084 -39.30289865665859 -38.40795375386296 -37.51786652220225 -36.6329576376877 -35.75357460305238 -34.88009439363141 -34.012926393530385 -33.15251565523911 -32.29934651934341 -31.45394663466942 -30.616891423028157 -29.788809036596042 -28.970385859749 -28.162372610642546 -27.365591100727983 -26.580941712325565 -25.809411654833767 -25.052084058479526 -24.31014795991116 -23.584909225432902 -22.877802444246356 -22.190403804771027 -21.52444494149992 -20.88182770880979 -20.26463980561814 -19.675171151282985 -19.115930923138208 -18.589665263851 -18.0993759725549 -17.64834128087419 -17.240141740885804 -16.878699037685145 -16.56834827391425 -16.31400286665142 -16.121617503746425 -16.0 -16.121617503746425 -16.31400286665142 -16.56834827391425 -16.878699037685145 -17.240141740885804 -17.64834128087419 -18.0993759725549 -18.589665263851 -19.115930923138208 -19.675171151282985 -20.26463980561814 -20.88182770880979 -21.52444494149992 -22.190403804771027 -22.877802444246356 -23.584909225432902 -24.31014795991116 -25.052084058479526 -25.809411654833767 -26.580941712325565 -27.365591100727983 -28.162372610642546 -28.970385859749 -29.788809036596042 -30.616891423028157 -31.45394663466942 -32.29934651934341 -33.15251565523911 -34.012926393530385 -34.88009439363141 -35.75357460305238 -36.6329576376877 -37.51786652220225 -38.40795375386296 -39.30289865665859 
-75.94937074161419 -74.97494029494003 -74.00117211884975 -73.02809168532191 -72.0557257610859 -71.08410248919408 -70.11325147671377 -69.1432038890684 -68.1739925516039 -67.20565205902221 -66.23821889339378 -65.27173155150025 -64.30623068239345 -63.3417592360877 -62.37836262443005 -61.41608889530983 -60.45498892146165 -59.49511660528371 -58.53652910121918 -57.5792870574388 -56.6234548787442 -55.669101012828854 -54.71629826226909 -53.76512412489966 -52.815661165512985 -51.867997422191216 -50.922226850931544 -49.97844981268998 -49.03677360743966 -48.09731306040069 -47.16019116621425 -46.2255397975588 -45.293500485474944 -44.364225279597854 -43.43787769749003 -42.51463377344735 -41.59468321843955 -40.67823070433174 -39.76549728721381 -38.856721986538645 -37.95216353892279 -37.052102347853086 -36.15684265326131 -35.26671494796668 -34.382078671389046 -33.50332521473148 -32.6308812760472 -31.765212608237444 -30.906828208125166 -30.05628500023133 -29.214193074757542 -28.381221545428836 -27.55810509913954 -26.745651315523144 -25.944748840322955 -25.156376501262233 -24.38161345834753 -23.621650481330164 -22.877802444246356 -22.15152211927009 -21.444415338083544 -20.758257567387282 -20.095011915784568 -19.456848554392685 -18.846165501588978 -18.26561071530178 -17.71810550638149 -17.206869554146305 -16.735448551385538 -16.307747418561274 -15.928076923789783 -15.601234829790823 -15.332683411968105 -15.129040462513645 -15.0 -15.129040462513645 -15.332683411968105 -15.601234829790823 -15.928076923789783 -16.307747418561274 -16.735448551385538 -17.206869554146305 -17.71810550638149 -18.26561071530178 -18.846165501588978 -19.456848554392685 -20.095011915784568 -20.758257567387282 -21.444415338083544 -22.15152211927009 -22.877802444246356 -23.621650481330164 -24.38161345834753 -25.156376501262233 -25.944748840322955 -26.745651315523144 -27.55810509913954 -28.381221545428836 -29.214193074757542 -30.05628500023133 -30.906828208125166 -31.765212608237444 -32.6308812760472 -33.50332521473148 -34.382078671389046 -35.26671494796668 -36.15684265326131 -37.052102347853086 -37.95216353892279 -38.856721986538645 
-75.72468139029178 -74.74739790497524 -73.77070635157445 -72.79462967687918 -71.81919200552905 -70.84441871509748 -69.87033651689937 -68.89697354299442 -67.92435943996304 -66.95252547005867 -65.98150462039642 -65.0113317209392 -64.04204357207063 -63.07367908268793 -62.10627941979462 -61.1398881707094 -60.17455151911392 -59.21031843631015 -58.24724088919098 -57.285374066619596 -56.32477662608325 -55.365510962717345 -54.40764350303373 -53.451245025957014 -52.496391014085255 -51.543162038438 -50.59164418035218 -49.641929494632286 -48.69411651856463 -47.748310831988306 -46.80462567425729 -45.86318262468764 -44.92411235390882 -43.98755545452115 -43.05366336053852 -42.12259936635946 -41.194539757433475 -40.269675066412304 -39.34821147043677 -38.43037234733686 -37.516400010928145 -36.60655764836794 -35.701131485670885 -34.80043321107114 -33.904802689997695 -33.014611010054935 -32.130263899628865 -31.25220556964648 -30.380923034632907 -29.516950976595034 -28.660877223432 -27.813348922521143 -26.975079499798476 -26.146856504908992 -25.329550453618495 -24.524124789256934 -23.731647094938758 -22.953301696842303 -22.190403804771027 -21.444415338083544 -20.716962581051693 -20.009855799865147 -19.325110932425606 -18.66497343228164 -18.03194431535083 -17.428808441042783 -16.85866510638726 -16.324961260639505 -15.831528344187538 -15.382625634470118 -14.982997961167952 -14.637969479025305 -14.353638188734033 -14.137401133405376 -14.0 -14.137401133405376 -14.353638188734033 -14.637969479025305 -14.982997961167952 -15.382625634470118 -15.831528344187538 -16.324961260639505 -16.85866510638726 -17.428808441042783 -18.03194431535083 -18.66497343228164 -19.325110932425606 -20.009855799865147 -20.716962581051693 -21.444415338083544 -22.190403804771027 -22.953301696842303 -23.731647094938758 -24.524124789256934 -25.329550453618495 -26.146856504908992 -26.975079499798476 -27.813348922521143 -28.660877223432 -29.516950976595034 -30.380923034632907 -31.25220556964648 -32.130263899628865 -33.014611010054935 -33.904802689997695 -34.80043321107114 -35.701131485670885 -36.60655764836794 -37.516400010928145 -38.43037234733686 
-75.5127451042778 -74.53275026460601 -73.55327975449308 -72.57435405564253 -71.59599471104703 -70.61822439343139 -69.64106697895656 -68.6645476266612 -67.6886928641867 -66.71353068031904 -65.73909062501086 -64.76540391758392 -63.79250356384989 -62.820424483057565 -61.84920364557592 -60.87888022238961 -59.90949574757534 -58.941094295052714 -57.97372267108277 -57.007430624108196 -56.04227107377124 -55.07830036110312 -54.11557852217147 -53.154169587704715 -52.19414191154483 -51.235568531120116 -50.278527563532876 -49.32310264131073 -48.369383392383845 -47.41746596943533 -46.467453634468136 -45.519457405160146 -44.573596770504345 -43.630000484207265 -42.688807445493836 -41.750167678287355 -40.81424342126611 -39.88121034305499 -38.951258898827106 -38.0245958469335 -37.10144594685515 -36.1820538628684 -35.26668630140437 -34.35563441417321 -33.449216503902576 -32.547781074981266 -31.651710277609013 -30.761423801260488 -29.877383281555108 -29.000097294064542 -28.130127019329024 -27.268092675488642 -26.414680828550775 -25.570652705438516 -24.736853651545342 -23.914223892382587 -23.10381077768538 -22.306782705417266 -21.52444494149992 -20.758257567387282 -20.009855799865147 -19.28107293335744 -18.573966152170893 -17.890845447309076 -17.234305852685768 -16.607263203123573 -16.012993654206234 -15.45517740417762 -14.93794770585183 -14.465948088802602 -14.044405745927273 -13.6792433881311 -13.377297297496378 -13.146885647136298 -13.0 -13.146885647136298 -13.377297297496378 -13.6792433881311 -14.044405745927273 -14.465948088802602 -14.93794770585183 -15.45517740417762 -16.012993654206234 -16.607263203123573 -17.234305852685768 -17.890845447309076 -18.573966152170893 -19.28107293335744 -20.009855799865147 -20.758257567387282 -21.52444494149992 -22.306782705417266 -23.10381077768538 -23.914223892382587 -24.736853651545342 -25.570652705438516 -26.414680828550775 -27.268092675488642 -28.130127019329024 -29.000097294064542 -29.877383281555108 -30.761423801260488 -31.651710277609013 -32.547781074981266 -33.449216503902576 -34.35563441417321 -35.26668630140437 -36.1820538628684 -37.10144594685515 -38.0245958469335 
-75.31372220555347 -74.33116276543738 -73.3490630163758 -72.36744104772967 -71.38631589477544 -70.40570760036059 -69.42563728138565 -68.44612720052095 -67.46720084367041 -66.48888300369032 -65.51119987096402 -64.5341791314871 -63.55785007317442 -62.58224370121088 -61.60739286331626 -60.633332385933606 -59.66009922243265 -58.68773261456956 -57.716274268572384 -56.74576854738908 -55.77626268082471 -54.807806995483126 -53.8404551666956 -52.87426449484768 -51.90929620885525 -50.945615799869714 -49.9832933886859 -49.0224041307967 -48.06302866353432 -47.105253600349194 -46.14917207795216 -45.194884362828496 -44.24249852453132 -43.292131184215584 -42.34390834804989 -41.39796633655364 -40.454452822495945 -39.51352799186222 -38.57536584454691 -37.64015565394575 -36.70810360753404 -35.77943465391489 -34.85439458578052 -33.93325239284652 -33.01630292420611 -32.10386990583047 -31.1963093662892 -30.294013532311716 -29.39741526579511 -28.506993125478672 -27.623277149998998 -26.746855474680636 -25.87838191246424 -25.018584650098695 -24.16827623435432 -23.328365049719068 -22.499868518842245 -21.6839282897238 -20.88182770880979 -20.095011915784568 -19.325110932425606 -18.573966152170893 -17.843660666371235 -17.13655388518469 -16.455320926239903 -15.80299726251091 -15.183029178337563 -14.599330782889746 -14.056348952730332 -13.55913936963239 -13.113461895607204 -12.725918386701707 -12.40420404843012 -12.15773216730351 -12.0 -12.15773216730351 -12.40420404843012 -12.725918386701707 -13.113461895607204 -13.55913936963239 -14.056348952730332 -14.599330782889746 -15.183029178337563 -15.80299726251091 -16.455320926239903 -17.13655388518469 -17.843660666371235 -18.573966152170893 -19.325110932425606 -20.095011915784568 -20.88182770880979 -21.6839282897238 -22.499868518842245 -23.328365049719068 -24.16827623435432 -25.018584650098695 -25.87838191246424 -26.746855474680636 -27.623277149998998 -28.506993125478672 -29.39741526579511 -30.294013532311716 -31.1963093662892 -32.10386990583047 -33.01630292420611 -33.93325239284652 -34.85439458578052 -35.77943465391489 -36.70810360753404 -37.64015565394575 
