<?xml version="1.0" encoding="UTF-8" standalone="yes"?>
<output>
    <algorithm>eDijkstra</algorithm>
    <cellsize>12.5cm</cellsize>
    <deviation>0.11686</deviation>
    <distanceMap>-19.79898987322334 -19.747213177926703 -19.695436482630065 -19.643659787333426 -19.591883092036788 -19.54010639674015 -19.48832970144351 -19.436553006146873 -19.384776310850235 -19.332999615553597 -19.28122292025696 -19.22944622496032 -19.17766952966368 -19.125892834367043 -19.074116139070405 -19.022339443773767 -18.97056274847713 -18.91878605318049 -18.867009357883852 -18.815232662587213 -18.763455967290575 -18.711679271993937 -18.6599025766973 -18.60812588140066 -18.556349186104022 -18.504572490807387 -18.45279579551075 -18.401019100214114 -18.349242404917476 -18.297465709620838 -18.2456890143242 -18.193912319027564 -18.14213562373093 -18.09035892843429 -18.038582233137653 -17.986805537841015 -17.93502884254438 -17.88325214724774 -17.831475451951107 -17.77969875665447 -17.72792206135783 -17.676145366061196 -17.624368670764557 -17.572591975467923 -17.520815280171284 -17.469038584874646 -17.41726188957801 -17.365485194281376 -17.313708498984738 -17.2619318036881 -17.210155108391465 -17.15837841309483 -17.106601717798192 -17.054825022501554 -17.00304832720492 -16.951271631908284 -16.899494936611646 -16.847718241315008 -16.795941546018373 -16.744164850721738 -16.6923881554251 -16.64061146012846 -16.588834764831827 -16.537058069535192 -16.485281374238554 -16.433504678941915 -16.38172798364528 -16.329951288348646 -16.278174593052007 -16.22639789775537 -16.174621202458734 -16.1228445071621 -16.07106781186546 -16.019291116568823 -15.967514421272188 -15.915737725975552 -15.863961030678915 -15.812184335382279 -15.760407640085642 -15.708630944789006 -15.656854249492369 -15.605077554195733 -15.553300858899096 -15.50152416360246 -15.449747468305823 -15.397970773009186 -15.34619407771255 -15.294417382415913 -15.242640687119277 -15.19086399182264 -15.139087296526004 -15.087310601229367 -15.03553390593273 -14.983757210636094 -14.931980515339458 -14.880203820042821 -14.828427124746185 -14.776650429449548 -14.724873734152911 -14.673097038856275 -14.621320343559638 -14.569543648263002 -14.517766952966365 -14.465990257669729 -14.414213562373092 -14.362436867076456 -14.31066017177982 -14.258883476483183 -14.207106781186546 -14.15533008588991 -14.103553390593273 -14.051776695296637 -14.0 
-19.747213177926703 -19.622213177926703 -19.570436482630065 -19.518659787333426 -19.466883092036788 -19.41510639674015 -19.36332970144351 -19.311553006146873 -19.259776310850235 -19.207999615553597 -19.15622292025696 -19.10444622496032 -19.05266952966368 -19.000892834367043 -18.949116139070405 -18.897339443773767 -18.84556274847713 -18.79378605318049 -18.742009357883852 -18.690232662587213 -18.638455967290575 -18.586679271993937 -18.5349025766973 -18.48312588140066 -18.431349186104022 -18.379572490807387 -18.32779579551075 -18.276019100214114 -18.224242404917476 -18.172465709620838 -18.1206890143242 -18.068912319027564 -18.01713562373093 -17.96535892843429 -17.913582233137653 -17.861805537841015 -17.81002884254438 -17.75825214724774 -17.706475451951107 -17.65469875665447 -17.60292206135783 -17.551145366061196 -17.499368670764557 -17.447591975467923 -17.395815280171284 -17.344038584874646 -17.29226188957801 -17.240485194281376 -17.188708498984738 -17.1369318036881 -17.085155108391465 -17.03337841309483 -16.981601717798192 -16.929825022501554 -16.87804832720492 -16.826271631908284 -16.774494936611646 -16.722718241315008 -16.670941546018373 -16.619164850721738 -16.5673881554251 -16.51561146012846 -16.463834764831827 -16.412058069535192 -16.360281374238554 -16.308504678941915 -16.25672798364528 -16.204951288348646 -16.153174593052007 -16.10139789775537 -16.049621202458734 -15.997844507162098 -15.946067811865461 -15.894291116568825 -15.842514421272188 -15.790737725975552 -15.738961030678915 -15.687184335382279 -15.635407640085642 -15.583630944789006 -15.531854249492369 -15.480077554195733 -15.428300858899096 -15.37652416360246 -15.324747468305823 -15.272970773009186 -15.22119407771255 -15.169417382415913 -15.117640687119277 -15.06586399182264 -15.014087296526004 -14.962310601229367 -14.91053390593273 -14.858757210636094 -14.806980515339458 -14.755203820042821 -14.703427124746185 -14.651650429449548 -14.599873734152911 -14.548097038856275 -14.496320343559638 -14.444543648263002 -14.392766952966365 -14.340990257669729 -14.289213562373092 -14.237436867076456 -14.18566017177982 -14.133883476483183 -14.082106781186546 -14.03033008588991 -13.978553390593273 -13.926776695296637 -13.875 
-19.695436482630065 -19.570436482630065 -19.445436482630065 -19.393659787333426 -19.341883092036788 -19.29010639674015 -19.23832970144351 -19.186553006146873 -19.134776310850235 -19.082999615553597 -19.03122292025696 -18.97944622496032 -18.92766952966368 -18.875892834367043 -18.824116139070405 -18.772339443773767 -18.72056274847713 -18.66878605318049 -18.617009357883852 -18.565232662587213 -18.513455967290575 -18.461679271993937 -18.4099025766973 -18.35812588140066 -18.306349186104022 -18.254572490807387 -18.20279579551075 -18.151019100214114 -18.099242404917476 -18.047465709620838 -17.9956890143242 -17.943912319027564 -17.89213562373093 -17.84035892843429 -17.788582233137653 -17.736805537841015 -17.68502884254438 -17.63325214724774 -17.581475451951107 -17.52969875665447 -17.47792206135783 -17.426145366061196 -17.374368670764557 -17.322591975467923 -17.270815280171284 -17.219038584874646 -17.16726188957801 -17.115485194281376 -17.063708498984738 -17.0119318036881 -16.960155108391465 -16.90837841309483 -16.856601717798192 -16.804825022501554 -16.75304832720492 -16.701271631908284 -16.649494936611646 -16.597718241315008 -16.545941546018373 -16.494164850721738 -16.4423881554251 -16.39061146012846 -16.338834764831827 -16.287058069535192 -16.235281374238554 -16.183504678941915 -16.13172798364528 -16.079951288348646 -16.028174593052007 -15.976397897755371 -15.924621202458734 -15.872844507162098 -15.821067811865461 -15.769291116568825 -15.717514421272188 -15.665737725975552 -15.613961030678915 -15.562184335382279 -15.510407640085642 -15.458630944789006 -15.406854249492369 -15.355077554195733 -15.303300858899096 -15.25152416360246 -15.199747468305823 -15.147970773009186 -15.09619407771255 -15.044417382415913 -14.992640687119277 -14.94086399182264 -14.889087296526004 -14.837310601229367 -14.78553390593273 -14.733757210636094 -14.681980515339458 -14.630203820042821 -14.578427124746185 -14.526650429449548 -14.474873734152911 -14.423097038856275 -14.371320343559638 -14.319543648263002 -14.267766952966365 -14.215990257669729 -14.164213562373092 -14.112436867076456 -14.06066017177982 -14.008883476483183 -13.957106781186546 -13.90533008588991 -13.853553390593273 -13.801776695296637 -13.75 
-19.643659787333426 -19.518659787333426 -19.393659787333426 -19.268659787333426 -19.216883092036788 -19.16510639674015 -19.11332970144351 -19.061553006146873 -19.009776310850235 -18.957999615553597 -18.90622292025696 -18.85444622496032 -18.80266952966368 -18.750892834367043 -18.699116139070405 -18.647339443773767 -18.59556274847713 -18.54378605318049 -18.492009357883852 -18.440232662587213 -18.388455967290575 -18.336679271993937 -18.2849025766973 -18.23312588140066 -18.181349186104022 -18.129572490807387 -18.07779579551075 -18.026019100214114 -17.974242404917476 -17.922465709620838 -17.8706890143242 -17.818912319027564 -17.76713562373093 -17.71535892843429 -17.663582233137653 -17.611805537841015 -17.56002884254438 -17.50825214724774 -17.456475451951107 -17.40469875665447 -17.35292206135783 -17.301145366061196 -17.249368670764557 -17.197591975467923 -17.145815280171284 -17.094038584874646 -17.04226188957801 -16.990485194281376 -16.938708498984738 -16.8869318036881 -16.835155108391465 -16.78337841309483 -16.731601717798192 -16.679825022501554 -16.62804832720492 -16.576271631908284 -16.524494936611646 -16.472718241315008 -16.420941546018373 -16.369164850721738 -16.3173881554251 -16.26561146012846 -16.213834764831827 -16.162058069535192 -16.110281374238554 -16.058504678941915 -16.00672798364528 -15.954951288348644 -15.903174593052007 -15.851397897755371 -15.799621202458734 -15.747844507162098 -15.696067811865461 -15.644291116568825 -15.592514421272188 -15.540737725975552 -15.488961030678915 -15.437184335382279 -15.385407640085642 -15.333630944789006 -15.281854249492369 -15.230077554195733 -15.178300858899096 -15.12652416360246 -15.074747468305823 -15.022970773009186 -14.97119407771255 -14.919417382415913 -14.867640687119277 -14.81586399182264 -14.764087296526004 -14.712310601229367 -14.66053390593273 -14.608757210636094 -14.556980515339458 -14.505203820042821 -14.453427124746185 -14.401650429449548 -14.349873734152911 -14.298097038856275 -14.246320343559638 -14.194543648263002 -14.142766952966365 -14.090990257669729 -14.039213562373092 -13.987436867076456 -13.93566017177982 -13.883883476483183 -13.832106781186546 -13.78033008588991 -13.728553390593273 -13.676776695296637 -13.625 
-19.591883092036788 -19.466883092036788 -19.341883092036788 -19.216883092036788 -19.091883092036788 -19.04010639674015 -18.98832970144351 -18.936553006146873 -18.884776310850235 -18.832999615553597 -18.78122292025696 -18.72944622496032 -18.67766952966368 -18.625892834367043 -18.574116139070405 -18.522339443773767 -18.47056274847713 -18.41878605318049 -18.367009357883852 -18.315232662587213 -18.263455967290575 -18.211679271993937 -18.1599025766973 -18.10812588140066 -18.056349186104022 -18.004572490807387 -17.95279579551075 -17.901019100214114 -17.849242404917476 -17.797465709620838 -17.7456890143242 -17.693912319027564 -17.64213562373093 -17.59035892843429 -17.538582233137653 -17.486805537841015 -17.43502884254438 -17.38325214724774 -17.331475451951107 -17.27969875665447 -17.22792206135783 -17.176145366061196 -17.124368670764557 -17.072591975467923 -17.020815280171284 -16.969038584874646 -16.91726188957801 -16.865485194281376 -16.813708498984738 -16.7619318036881 -16.710155108391465 -16.65837841309483 -16.606601717798192 -16.554825022501554 -16.50304832720492 -16.451271631908284 -16.399494936611646 -16.347718241315008 -16.295941546018373 -16.244164850721738 -16.1923881554251 -16.14061146012846 -16.088834764831827 -16.037058069535192 -15.985281374238554 -15.933504678941917 -15.88172798364528 -15.829951288348644 -15.778174593052007 -15.726397897755371 -15.674621202458734 -15.622844507162098 -15.571067811865461 -15.519291116568825 -15.467514421272188 -15.415737725975552 -15.363961030678915 -15.312184335382279 -15.260407640085642 -15.208630944789006 -15.156854249492369 -15.105077554195733 -15.053300858899096 -15.00152416360246 -14.949747468305823 -14.897970773009186 -14.84619407771255 -14.794417382415913 -14.742640687119277 -14.69086399182264 -14.639087296526004 -14.587310601229367 -14.53553390593273 -14.483757210636094 -14.431980515339458 -14.380203820042821 -14.328427124746185 -14.276650429449548 -14.224873734152911 -14.173097038856275 -14.121320343559638 -14.069543648263002 -14.017766952966365 -13.965990257669729 -13.914213562373092 -13.862436867076456 -13.81066017177982 -13.758883476483183 -13.707106781186546 -13.65533008588991 -13.603553390593273 -13.551776695296637 -13.5 
-19.54010639674015 -19.41510639674015 -19.29010639674015 -19.16510639674015 -19.04010639674015 -18.91510639674015 -18.86332970144351 -18.811553006146873 -18.759776310850235 -18.707999615553597 -18.65622292025696 -18.60444622496032 -18.55266952966368 -18.500892834367043 -18.449116139070405 -18.397339443773767 -18.34556274847713 -18.29378605318049 -18.242009357883852 -18.190232662587213 -18.138455967290575 -18.086679271993937 -18.0349025766973 -17.98312588140066 -17.931349186104022 -17.879572490807387 -17.82779579551075 -17.776019100214114 -17.724242404917476 -17.672465709620838 -17.6206890143242 -17.568912319027564 -17.51713562373093 -17.46535892843429 -17.413582233137653 -17.361805537841015 -17.31002884254438 -17.25825214724774 -17.206475451951107 -17.15469875665447 -17.10292206135783 -17.051145366061196 -16.999368670764557 -16.947591975467923 -16.895815280171284 -16.844038584874646 -16.79226188957801 -16.740485194281376 -16.688708498984738 -16.6369318036881 -16.585155108391465 -16.53337841309483 -16.481601717798192 -16.429825022501554 -16.37804832720492 -16.326271631908284 -16.274494936611646 -16.222718241315008 -16.170941546018373 -16.119164850721738 -16.0673881554251 -16.01561146012846 -15.963834764831827 -15.91205806953519 -15.860281374238554 -15.808504678941917 -15.75672798364528 -15.704951288348644 -15.653174593052007 -15.601397897755371 -15.549621202458734 -15.497844507162098 -15.446067811865461 -15.394291116568825 -15.342514421272188 -15.290737725975552 -15.238961030678915 -15.187184335382279 -15.135407640085642 -15.083630944789006 -15.031854249492369 -14.980077554195733 -14.928300858899096 -14.87652416360246 -14.824747468305823 -14.772970773009186 -14.72119407771255 -14.669417382415913 -14.617640687119277 -14.56586399182264 -14.514087296526004 -14.462310601229367 -14.41053390593273 -14.358757210636094 -14.306980515339458 -14.255203820042821 -14.203427124746185 -14.151650429449548 -14.099873734152911 -14.048097038856275 -13.996320343559638 -13.944543648263002 -13.892766952966365 -13.840990257669729 -13.789213562373092 -13.737436867076456 -13.68566017177982 -13.633883476483183 -13.582106781186546 -13.53033008588991 -13.478553390593273 -13.426776695296637 -13.375 
-19.48832970144351 -19.36332970144351 -19.23832970144351 -19.11332970144351 -18.98832970144351 -18.86332970144351 -18.73832970144351 -18.686553006146873 -18.634776310850235 -18.582999615553597 -18.53122292025696 -18.47944622496032 -18.42766952966368 -18.375892834367043 -18.324116139070405 -18.272339443773767 -18.22056274847713 -18.16878605318049 -18.117009357883852 -18.065232662587213 -18.013455967290575 -17.961679271993937 -17.9099025766973 -17.85812588140066 -17.806349186104022 -17.754572490807387 -17.70279579551075 -17.651019100214114 -17.599242404917476 -17.547465709620838 -17.4956890143242 -17.443912319027564 -17.39213562373093 -17.34035892843429 -17.288582233137653 -17.236805537841015 -17.18502884254438 -17.13325214724774 -17.081475451951107 -17.02969875665447 -16.97792206135783 -16.926145366061196 -16.874368670764557 -16.822591975467923 -16.770815280171284 -16.719038584874646 -16.66726188957801 -16.615485194281376 -16.563708498984738 -16.5119318036881 -16.460155108391465 -16.40837841309483 -16.356601717798192 -16.304825022501554 -16.25304832720492 -16.201271631908284 -16.149494936611646 -16.097718241315008 -16.045941546018373 -15.994164850721736 -15.9423881554251 -15.890611460128463 -15.838834764831827 -15.78705806953519 -15.735281374238554 -15.683504678941917 -15.63172798364528 -15.579951288348644 -15.528174593052007 -15.476397897755371 -15.424621202458734 -15.372844507162098 -15.321067811865461 -15.269291116568825 -15.217514421272188 -15.165737725975552 -15.113961030678915 -15.062184335382279 -15.010407640085642 -14.958630944789006 -14.906854249492369 -14.855077554195733 -14.803300858899096 -14.75152416360246 -14.699747468305823 -14.647970773009186 -14.59619407771255 -14.544417382415913 -14.492640687119277 -14.44086399182264 -14.389087296526004 -14.337310601229367 -14.28553390593273 -14.233757210636094 -14.181980515339458 -14.130203820042821 -14.078427124746185 -14.026650429449548 -13.974873734152911 -13.923097038856275 -13.871320343559638 -13.819543648263002 -13.767766952966365 -13.715990257669729 -13.664213562373092 -13.612436867076456 -13.56066017177982 -13.508883476483183 -13.457106781186546 -13.40533008588991 -13.353553390593273 -13.301776695296637 -13.25 
-19.436553006146873 -19.311553006146873 -19.186553006146873 -19.061553006146873 -18.936553006146873 -18.811553006146873 -18.686553006146873 -18.561553006146873 -18.509776310850235 -18.457999615553597 -18.40622292025696 -18.35444622496032 -18.30266952966368 -18.250892834367043 -18.199116139070405 -18.147339443773767 -18.09556274847713 -18.04378605318049 -17.992009357883852 -17.940232662587213 -17.888455967290575 -17.836679271993937 -17.7849025766973 -17.73312588140066 -17.681349186104022 -17.629572490807387 -17.57779579551075 -17.526019100214114 -17.474242404917476 -17.422465709620838 -17.3706890143242 -17.318912319027564 -17.26713562373093 -17.21535892843429 -17.163582233137653 -17.111805537841015 -17.06002884254438 -17.00825214724774 -16.956475451951107 -16.90469875665447 -16.85292206135783 -16.801145366061196 -16.749368670764557 -16.697591975467923 -16.645815280171284 -16.594038584874646 -16.54226188957801 -16.490485194281376 -16.438708498984738 -16.3869318036881 -16.335155108391465 -16.28337841309483 -16.231601717798192 -16.179825022501554 -16.12804832720492 -16.076271631908284 -16.024494936611646 -15.97271824131501 -15.920941546018373 -15.869164850721736 -15.8173881554251 -15.765611460128463 -15.713834764831827 -15.66205806953519 -15.610281374238554 -15.558504678941917 -15.50672798364528 -15.454951288348644 -15.403174593052007 -15.351397897755371 -15.299621202458734 -15.247844507162098 -15.196067811865461 -15.144291116568825 -15.092514421272188 -15.040737725975552 -14.988961030678915 -14.937184335382279 -14.885407640085642 -14.833630944789006 -14.781854249492369 -14.730077554195733 -14.678300858899096 -14.62652416360246 -14.574747468305823 -14.522970773009186 -14.47119407771255 -14.419417382415913 -14.367640687119277 -14.31586399182264 -14.264087296526004 -14.212310601229367 -14.16053390593273 -14.108757210636094 -14.056980515339458 -14.005203820042821 -13.953427124746185 -13.901650429449548 -13.849873734152911 -13.798097038856275 -13.746320343559638 -13.694543648263002 -13.642766952966365 -13.590990257669729 -13.539213562373092 -13.487436867076456 -13.43566017177982 -13.383883476483183 -13.332106781186546 -13.28033008588991 -13.228553390593273 -13.176776695296637 -13.125 
-19.384776310850235 -19.259776310850235 -19.134776310850235 -19.009776310850235 -18.884776310850235 -18.759776310850235 -18.634776310850235 -18.509776310850235 -18.384776310850235 -18.332999615553597 -18.28122292025696 -18.22944622496032 -18.17766952966368 -18.125892834367043 -18.074116139070405 -18.022339443773767 -17.97056274847713 -17.91878605318049 -17.867009357883852 -17.815232662587213 -17.763455967290575 -17.711679271993937 -17.6599025766973 -17.60812588140066 -17.556349186104022 -17.504572490807387 -17.45279579551075 -17.401019100214114 -17.349242404917476 -17.297465709620838 -17.2456890143242 -17.193912319027564 -17.14213562373093 -17.09035892843429 -17.038582233137653 -16.986805537841015 -16.93502884254438 -16.88325214724774 -16.831475451951107 -16.77969875665447 -16.72792206135783 -16.676145366061196 -16.624368670764557 -16.572591975467923 -16.520815280171284 -16.469038584874646 -16.41726188957801 -16.365485194281376 -16.313708498984738 -16.2619318036881 -16.210155108391465 -16.15837841309483 -16.106601717798192 -16.054825022501554 -16.00304832720492 -15.951271631908282 -15.899494936611646 -15.84771824131501 -15.795941546018373 -15.744164850721736 -15.6923881554251 -15.640611460128463 -15.588834764831827 -15.53705806953519 -15.485281374238554 -15.433504678941917 -15.38172798364528 -15.329951288348644 -15.278174593052007 -15.226397897755371 -15.174621202458734 -15.122844507162098 -15.071067811865461 -15.019291116568825 -14.967514421272188 -14.915737725975552 -14.863961030678915 -14.812184335382279 -14.760407640085642 -14.708630944789006 -14.656854249492369 -14.605077554195733 -14.553300858899096 -14.50152416360246 -14.449747468305823 -14.397970773009186 -14.34619407771255 -14.294417382415913 -14.242640687119277 -14.19086399182264 -14.139087296526004 -14.087310601229367 -14.03553390593273 -13.983757210636094 -13.931980515339458 -13.880203820042821 -13.828427124746185 -13.776650429449548 -13.724873734152911 -13.673097038856275 -13.621320343559638 -13.569543648263002 -13.517766952966365 -13.465990257669729 -13.414213562373092 -13.362436867076456 -13.31066017177982 -13.258883476483183 -13.207106781186546 -13.15533008588991 -13.103553390593273 -13.051776695296637 -13.0 
-19.332999615553597 -19.207999615553597 -19.082999615553597 -18.957999615553597 -18.832999615553597 -18.707999615553597 -18.582999615553597 -18.457999615553597 -18.332999615553597 -18.207999615553597 -18.15622292025696 -18.10444622496032 -18.05266952966368 -18.000892834367043 -17.949116139070405 -17.897339443773767 -17.84556274847713 -17.79378605318049 -17.742009357883852 -17.690232662587213 -17.638455967290575 -17.586679271993937 -17.5349025766973 -17.48312588140066 -17.431349186104022 -17.379572490807387 -17.32779579551075 -17.276019100214114 -17.224242404917476 -17.172465709620838 -17.1206890143242 -17.068912319027564 -17.01713562373093 -16.96535892843429 -16.913582233137653 -16.861805537841015 -16.81002884254438 -16.75825214724774 -16.706475451951107 -16.65469875665447 -16.60292206135783 -16.551145366061196 -16.499368670764557 -16.447591975467923 -16.395815280171284 -16.344038584874646 -16.29226188957801 -16.240485194281376 -16.188708498984738 -16.1369318036881 -16.085155108391465 -16.03337841309483 -15.981601717798192 -15.929825022501555 -15.878048327204919 -15.826271631908282 -15.774494936611646 -15.72271824131501 -15.670941546018373 -15.619164850721736 -15.5673881554251 -15.515611460128463 -15.463834764831827 -15.41205806953519 -15.360281374238554 -15.308504678941917 -15.25672798364528 -15.204951288348644 -15.153174593052007 -15.101397897755371 -15.049621202458734 -14.997844507162098 -14.946067811865461 -14.894291116568825 -14.842514421272188 -14.790737725975552 -14.738961030678915 -14.687184335382279 -14.635407640085642 -14.583630944789006 -14.531854249492369 -14.480077554195733 -14.428300858899096 -14.37652416360246 -14.324747468305823 -14.272970773009186 -14.22119407771255 -14.169417382415913 -14.117640687119277 -14.06586399182264 -14.014087296526004 -13.962310601229367 -13.91053390593273 -13.858757210636094 -13.806980515339458 -13.755203820042821 -13.703427124746185 -13.651650429449548 -13.599873734152911 -13.548097038856275 -13.496320343559638 -13.444543648263002 -13.392766952966365 -13.340990257669729 -13.289213562373092 -13.237436867076456 -13.18566017177982 -13.133883476483183 -13.082106781186546 -13.03033008588991 -12.978553390593273 -12.926776695296637 -12.875 
-19.28122292025696 -19.15622292025696 -19.03122292025696 -18.90622292025696 -18.78122292025696 -18.65622292025696 -18.53122292025696 -18.40622292025696 -18.28122292025696 -18.15622292025696 -18.03122292025696 -17.97944622496032 -17.92766952966368 -17.875892834367043 -17.824116139070405 -17.772339443773767 -17.72056274847713 -17.66878605318049 -17.617009357883852 -17.565232662587213 -17.513455967290575 -17.461679271993937 -17.4099025766973 -17.35812588140066 -17.306349186104022 -17.254572490807387 -17.20279579551075 -17.151019100214114 -17.099242404917476 -17.047465709620838 -16.9956890143242 -16.943912319027564 -16.89213562373093 -16.84035892843429 -16.788582233137653 -16.736805537841015 -16.68502884254438 -16.63325214724774 -16.581475451951107 -16.52969875665447 -16.47792206135783 -16.426145366061196 -16.374368670764557 -16.322591975467923 -16.270815280171284 -16.219038584874646 -16.16726188957801 -16.115485194281376 -16.063708498984738 -16.0119318036881 -15.960155108391465 -15.908378413094828 -15.856601717798192 -15.804825022501555 -15.753048327204919 -15.701271631908282 -15.649494936611646 -15.59771824131501 -15.545941546018373 -15.494164850721736 -15.4423881554251 -15.390611460128463 -15.338834764831827 -15.28705806953519 -15.235281374238554 -15.183504678941917 -15.13172798364528 -15.079951288348644 -15.028174593052007 -14.976397897755371 -14.924621202458734 -14.872844507162098 -14.821067811865461 -14.769291116568825 -14.717514421272188 -14.665737725975552 -14.613961030678915 -14.562184335382279 -14.510407640085642 -14.458630944789006 -14.406854249492369 -14.355077554195733 -14.303300858899096 -14.25152416360246 -14.199747468305823 -14.147970773009186 -14.09619407771255 -14.044417382415913 -13.992640687119277 -13.94086399182264 -13.889087296526004 -13.837310601229367 -13.78553390593273 -13.733757210636094 -13.681980515339458 -13.630203820042821 -13.578427124746185 -13.526650429449548 -13.474873734152911 -13.423097038856275 -13.371320343559638 -13.319543648263002 -13.267766952966365 -13.215990257669729 -13.164213562373092 -13.112436867076456 -13.06066017177982 -13.008883476483183 -12.957106781186546 -12.90533008588991 -12.853553390593273 -12.801776695296637 -12.75 
-19.22944622496032 -19.10444622496032 -18.97944622496032 -18.85444622496032 -18.72944622496032 -18.60444622496032 -18.47944622496032 -18.35444622496032 -18.22944622496032 -18.10444622496032 -17.97944622496032 -17.85444622496032 -17.80266952966368 -17.750892834367043 -17.699116139070405 -17.647339443773767 -17.59556274847713 -17.54378605318049 -17.492009357883852 -17.440232662587213 -17.388455967290575 -17.336679271993937 -17.2849025766973 -17.23312588140066 -17.181349186104022 -17.129572490807387 -17.07779579551075 -17.026019100214114 -16.974242404917476 -16.922465709620838 -16.8706890143242 -16.818912319027564 -16.76713562373093 -16.71535892843429 -16.663582233137653 -16.611805537841015 -16.56002884254438 -16.50825214724774 -16.456475451951107 -16.40469875665447 -16.35292206135783 -16.301145366061196 -16.249368670764557 -16.197591975467923 -16.145815280171284 -16.094038584874646 -16.04226188957801 -15.990485194281375 -15.938708498984738 -15.886931803688102 -15.835155108391465 -15.783378413094828 -15.731601717798192 -15.679825022501555 -15.628048327204919 -15.576271631908282 -15.524494936611646 -15.47271824131501 -15.420941546018373 -15.369164850721736 -15.3173881554251 -15.265611460128463 -15.213834764831827 -15.16205806953519 -15.110281374238554 -15.058504678941917 -15.00672798364528 -14.954951288348644 -14.903174593052007 -14.851397897755371 -14.799621202458734 -14.747844507162098 -14.696067811865461 -14.644291116568825 -14.592514421272188 -14.540737725975552 -14.488961030678915 -14.437184335382279 -14.385407640085642 -14.333630944789006 -14.281854249492369 -14.230077554195733 -14.178300858899096 -14.12652416360246 -14.074747468305823 -14.022970773009186 -13.97119407771255 -13.919417382415913 -13.867640687119277 -13.81586399182264 -13.764087296526004 -13.712310601229367 -13.66053390593273 -13.608757210636094 -13.556980515339458 -13.505203820042821 -13.453427124746185 -13.401650429449548 -13.349873734152911 -13.298097038856275 -13.246320343559638 -13.194543648263002 -13.142766952966365 -13.090990257669729 -13.039213562373092 -12.987436867076456 -12.93566017177982 -12.883883476483183 -12.832106781186546 -12.78033008588991 -12.728553390593273 -12.676776695296637 -12.625 
-19.17766952966368 -19.05266952966368 -18.92766952966368 -18.80266952966368 -18.67766952966368 -18.55266952966368 -18.42766952966368 -18.30266952966368 -18.17766952966368 -18.05266952966368 -17.92766952966368 -17.80266952966368 -17.67766952966368 -17.625892834367043 -17.574116139070405 -17.522339443773767 -17.47056274847713 -17.41878605318049 -17.367009357883852 -17.315232662587213 -17.263455967290575 -17.211679271993937 -17.1599025766973 -17.10812588140066 -17.056349186104022 -17.004572490807387 -16.95279579551075 -16.901019100214114 -16.849242404917476 -16.797465709620838 -16.7456890143242 -16.693912319027564 -16.64213562373093 -16.59035892843429 -16.538582233137653 -16.486805537841015 -16.43502884254438 -16.38325214724774 -16.331475451951107 -16.27969875665447 -16.22792206135783 -16.176145366061196 -16.124368670764557 -16.072591975467923 -16.020815280171284 -15.969038584874648 -15.917261889578011 -15.865485194281375 -15.813708498984738 -15.761931803688102 -15.710155108391465 -15.658378413094828 -15.606601717798192 -15.554825022501555 -15.503048327204919 -15.451271631908282 -15.399494936611646 -15.34771824131501 -15.295941546018373 -15.244164850721736 -15.1923881554251 -15.140611460128463 -15.088834764831827 -15.03705806953519 -14.985281374238554 -14.933504678941917 -14.88172798364528 -14.829951288348644 -14.778174593052007 -14.726397897755371 -14.674621202458734 -14.622844507162098 -14.571067811865461 -14.519291116568825 -14.467514421272188 -14.415737725975552 -14.363961030678915 -14.312184335382279 -14.260407640085642 -14.208630944789006 -14.156854249492369 -14.105077554195733 -14.053300858899096 -14.00152416360246 -13.949747468305823 -13.897970773009186 -13.84619407771255 -13.794417382415913 -13.742640687119277 -13.69086399182264 -13.639087296526004 -13.587310601229367 -13.53553390593273 -13.483757210636094 -13.431980515339458 -13.380203820042821 -13.328427124746185 -13.276650429449548 -13.224873734152911 -13.173097038856275 -13.121320343559638 -13.069543648263002 -13.017766952966365 -12.965990257669729 -12.914213562373092 -12.862436867076456 -12.81066017177982 -12.758883476483183 -12.707106781186546 -12.65533008588991 -12.603553390593273 -12.551776695296637 -12.5 
-19.125892834367043 -19.000892834367043 -18.875892834367043 -18.750892834367043 -18.625892834367043 -18.500892834367043 -18.375892834367043 -18.250892834367043 -18.125892834367043 -18.000892834367043 -17.875892834367043 -17.750892834367043 -17.625892834367043 -17.500892834367043 -17.449116139070405 -17.397339443773767 -17.34556274847713 -17.29378605318049 -17.242009357883852 -17.190232662587213 -17.138455967290575 -17.086679271993937 -17.0349025766973 -16.98312588140066 -16.931349186104022 -16.879572490807387 -16.82779579551075 -16.776019100214114 -16.724242404917476 -16.672465709620838 -16.6206890143242 -16.568912319027564 -16.51713562373093 -16.46535892843429 -16.413582233137653 -16.361805537841015 -16.31002884254438 -16.25825214724774 -16.206475451951107 -16.15469875665447 -16.10292206135783 -16.051145366061196 -15.999368670764557 -15.94759197546792 -15.895815280171284 -15.844038584874648 -15.792261889578011 -15.740485194281375 -15.688708498984738 -15.636931803688102 -15.585155108391465 -15.533378413094828 -15.481601717798192 -15.429825022501555 -15.378048327204919 -15.326271631908282 -15.274494936611646 -15.22271824131501 -15.170941546018373 -15.119164850721736 -15.0673881554251 -15.015611460128463 -14.963834764831827 -14.91205806953519 -14.860281374238554 -14.808504678941917 -14.75672798364528 -14.704951288348644 -14.653174593052007 -14.601397897755371 -14.549621202458734 -14.497844507162098 -14.446067811865461 -14.394291116568825 -14.342514421272188 -14.290737725975552 -14.238961030678915 -14.187184335382279 -14.135407640085642 -14.083630944789006 -14.031854249492369 -13.980077554195733 -13.928300858899096 -13.87652416360246 -13.824747468305823 -13.772970773009186 -13.72119407771255 -13.669417382415913 -13.617640687119277 -13.56586399182264 -13.514087296526004 -13.462310601229367 -13.41053390593273 -13.358757210636094 -13.306980515339458 -13.255203820042821 -13.203427124746185 -13.151650429449548 -13.099873734152911 -13.048097038856275 -12.996320343559638 -12.944543648263002 -12.892766952966365 -12.840990257669729 -12.789213562373092 -12.737436867076456 -12.68566017177982 -12.633883476483183 -12.582106781186546 -12.53033008588991 -12.478553390593273 -12.426776695296637 -12.375 
-19.074116139070405 -18.949116139070405 -18.824116139070405 -18.699116139070405 -18.574116139070405 -18.449116139070405 -18.324116139070405 -18.199116139070405 -18.074116139070405 -17.949116139070405 -17.824116139070405 -17.699116139070405 -17.574116139070405 -17.449116139070405 -17.324116139070405 -17.272339443773767 -17.22056274847713 -17.16878605318049 -17.117009357883852 -17.065232662587213 -17.013455967290575 -16.961679271993937 -16.9099025766973 -16.85812588140066 -16.806349186104022 -16.754572490807387 -16.70279579551075 -16.651019100214114 -16.599242404917476 -16.547465709620838 -16.4956890143242 -16.443912319027564 -16.39213562373093 -16.34035892843429 -16.288582233137653 -16.236805537841015 -16.18502884254438 -16.13325214724774 -16.081475451951107 -16.02969875665447 -15.977922061357832 -15.926145366061196 -15.874368670764557 -15.82259197546792 -15.770815280171284 -15.719038584874648 -15.667261889578011 -15.615485194281375 -15.563708498984738 -15.511931803688102 -15.460155108391465 -15.408378413094828 -15.356601717798192 -15.304825022501555 -15.253048327204919 -15.201271631908282 -15.149494936611646 -15.09771824131501 -15.045941546018373 -14.994164850721736 -14.9423881554251 -14.890611460128463 -14.838834764831827 -14.78705806953519 -14.735281374238554 -14.683504678941917 -14.63172798364528 -14.579951288348644 -14.528174593052007 -14.476397897755371 -14.424621202458734 -14.372844507162098 -14.321067811865461 -14.269291116568825 -14.217514421272188 -14.165737725975552 -14.113961030678915 -14.062184335382279 -14.010407640085642 -13.958630944789006 -13.906854249492369 -13.855077554195733 -13.803300858899096 -13.75152416360246 -13.699747468305823 -13.647970773009186 -13.59619407771255 -13.544417382415913 -13.492640687119277 -13.44086399182264 -13.389087296526004 -13.337310601229367 -13.28553390593273 -13.233757210636094 -13.181980515339458 -13.130203820042821 -13.078427124746185 -13.026650429449548 -12.974873734152911 -12.923097038856275 -12.871320343559638 -12.819543648263002 -12.767766952966365 -12.715990257669729 -12.664213562373092 -12.612436867076456 -12.56066017177982 -12.508883476483183 -12.457106781186546 -12.40533008588991 -12.353553390593273 -12.301776695296637 -12.25 
-19.022339443773767 -18.897339443773767 -18.772339443773767 -18.647339443773767 -18.522339443773767 -18.397339443773767 -18.272339443773767 -18.147339443773767 -18.022339443773767 -17.897339443773767 -17.772339443773767 -17.647339443773767 -17.522339443773767 -17.397339443773767 -17.272339443773767 -17.147339443773767 -17.09556274847713 -17.04378605318049 -16.992009357883852 -16.940232662587213 -16.888455967290575 -16.836679271993937 -16.7849025766973 -16.73312588140066 -16.681349186104022 -16.629572490807387 -16.57779579551075 -16.526019100214114 -16.474242404917476 -16.422465709620838 -16.3706890143242 -16.318912319027564 -16.26713562373093 -16.21535892843429 -16.163582233137653 -16.111805537841015 -16.06002884254438 -16.008252147247745 -15.956475451951105 -15.904698756654469 -15.852922061357832 -15.801145366061196 -15.749368670764559 -15.69759197546792 -15.645815280171284 -15.594038584874648 -15.542261889578011 -15.490485194281375 -15.438708498984738 -15.386931803688102 -15.335155108391465 -15.283378413094828 -15.231601717798192 -15.179825022501555 -15.128048327204919 -15.076271631908282 -15.024494936611646 -14.97271824131501 -14.920941546018373 -14.869164850721736 -14.8173881554251 -14.765611460128463 -14.713834764831827 -14.66205806953519 -14.610281374238554 -14.558504678941917 -14.50672798364528 -14.454951288348644 -14.403174593052007 -14.351397897755371 -14.299621202458734 -14.247844507162098 -14.196067811865461 -14.144291116568825 -14.092514421272188 -14.040737725975552 -13.988961030678915 -13.937184335382279 -13.885407640085642 -13.833630944789006 -13.781854249492369 -13.730077554195733 -13.678300858899096 -13.62652416360246 -13.574747468305823 -13.522970773009186 -13.47119407771255 -13.419417382415913 -13.367640687119277 -13.31586399182264 -13.264087296526004 -13.212310601229367 -13.16053390593273 -13.108757210636094 -13.056980515339458 -13.005203820042821 -12.953427124746185 -12.901650429449548 -12.849873734152911 -12.798097038856275 -12.746320343559638 -12.694543648263002 -12.642766952966365 -12.590990257669729 -12.539213562373092 -12.487436867076456 -12.43566017177982 -12.383883476483183 -12.332106781186546 -12.28033008588991 -12.228553390593273 -12.176776695296637 -12.125 
-18.97056274847713 -18.84556274847713 -18.72056274847713 -18.59556274847713 -18.47056274847713 -18.34556274847713 -18.22056274847713 -18.09556274847713 -17.97056274847713 -17.84556274847713 -17.72056274847713 -17.59556274847713 -17.47056274847713 -17.34556274847713 -17.22056274847713 -17.09556274847713 -16.97056274847713 -16.91878605318049 -16.867009357883852 -16.815232662587213 -16.763455967290575 -16.711679271993937 -16.6599025766973 -16.60812588140066 -16.556349186104022 -16.504572490807387 -16.45279579551075 -16.401019100214114 -16.349242404917476 -16.297465709620838 -16.2456890143242 -16.193912319027564 -16.14213562373093 -16.09035892843429 -16.038582233137653 -15.986805537841017 -15.93502884254438 -15.883252147247743 -15.831475451951107 -15.779698756654469 -15.727922061357832 -15.676145366061196 -15.624368670764559 -15.572591975467923 -15.520815280171284 -15.469038584874648 -15.417261889578011 -15.365485194281375 -15.313708498984738 -15.261931803688102 -15.210155108391465 -15.158378413094828 -15.106601717798192 -15.054825022501555 -15.003048327204919 -14.951271631908282 -14.899494936611646 -14.84771824131501 -14.795941546018373 -14.744164850721736 -14.6923881554251 -14.640611460128463 -14.588834764831827 -14.53705806953519 -14.485281374238554 -14.433504678941917 -14.38172798364528 -14.329951288348644 -14.278174593052007 -14.226397897755371 -14.174621202458734 -14.122844507162098 -14.071067811865461 -14.019291116568825 -13.967514421272188 -13.915737725975552 -13.863961030678915 -13.812184335382279 -13.760407640085642 -13.708630944789006 -13.656854249492369 -13.605077554195733 -13.553300858899096 -13.50152416360246 -13.449747468305823 -13.397970773009186 -13.34619407771255 -13.294417382415913 -13.242640687119277 -13.19086399182264 -13.139087296526004 -13.087310601229367 -13.03553390593273 -12.983757210636094 -12.931980515339458 -12.880203820042821 -12.828427124746185 -12.776650429449548 -12.724873734152911 -12.673097038856275 -12.621320343559638 -12.569543648263002 -12.517766952966365 -12.465990257669729 -12.414213562373092 -12.362436867076456 -12.31066017177982 -12.258883476483183 -12.207106781186546 -12.15533008588991 -12.103553390593273 -12.051776695296637 -12.0 
