<?xml version="1.0" encoding="UTF-8" standalone="yes"?>
<output>
    <algorithm>eEuclid</algorithm>
    <cellsize>12.5cm</cellsize>
    <deviation>0.11686</deviation>
    <distanceMap>-19.79898987322333 -19.710799704730398 -19.623009453190406 -19.53562451010973 -19.448650338776723 -19.3620924747301 -19.275956526201234 -19.190248174528644 -19.1049731745428 -19.02013735491939 -18.9357466184991 -18.851806942571844 -18.76832437912346 -18.685305055042587 -18.602755172285637 -18.52068100799752 -18.439088914585774 -18.357985319745737 -18.27737672643424 -18.197269712789335 -18.117670931993437 -18.038587112077266 -17.96002505566181 -17.88199163963567 -17.804493814764857 -17.727538605232255 -17.651133108103853 -17.575284492718744 -17.5 -17.425286941683343 -17.351152699460634 -17.2776047240351 -17.204650534085253 -17.132297715134417 -17.060553918322817 -16.98942685907915 -16.91892431568863 -16.84905412775447 -16.779824194549835 -16.711242473257336 -16.64331697709324 -16.576055773313506 -16.509466981099056 -16.443558769317548 -16.3783393541592 -16.313816996644285 -16.25 -16.18689670690463 -16.1245154965971 -16.06286478185009 -16.00195300580526 -15.941788638669125 -15.88238017426859 -15.823736126465203 -15.765865025427562 -15.70877541376157 -15.652475842498529 -15.596974866941345 -15.542281042369552 -15.488402919604074 -15.435349040433131 -15.383127932901033 -15.331748106461964 -15.281218047001358 -15.231546211727817 -15.182741023938991 -15.13481086766531 -15.087764082195877 -15.041608956491324 -14.99635372348892 -14.95200655430568 -14.908575552345704 -14.866068747318506 -14.824494089175522 -14.783859441972519 -14.744172577666065 -14.705441169852742 -14.667672787460184 -14.630874888399532 -14.595054813189295 -14.560219778561036 -14.526376871057696 -14.493533040635745 -14.461695094282689 -14.430869689661812 -14.401063328796246 -14.37228235180481 -14.344532930702206 -14.317821063276353 -14.29215256705581 -14.267533073380275 -14.243968021587243 -14.221462653327892 -14.2000220070252 -14.179650912487233 -14.160353985688353 -14.142135623730951 -14.125 -14.108951059522463 -14.093992514543208 -14.080127840328723 -14.06736027120938 -14.055692796870597 -14.045128158902646 -14.035668847618199 -14.027317099146222 -14.020074892809953 -14.013943948796141 -14.0089257261219 -14.005021420904718 -14.002231964940446 -14.000558024593163 -14.0 
-19.710799704730398 -19.622213177926692 -19.534024802892006 -19.44623999646204 -19.35886424871046 -19.271903123459293 -19.185362258763842 -19.099247367370264 -19.013564237143967 -18.92831873146688 -18.84351678960167 -18.759164427020732 -18.67526773569793 -18.59183288436081 -18.508866118701057 -18.42637376154082 -18.34436221295251 -18.262837950329626 -18.18180752840597 -18.101277579220756 -18.021254812026825 -17.9417460131393 -17.86275804572183 -17.78429784950758 -17.706372440452053 -17.62898891031474 -17.552154426166606 -17.47587622982035 -17.400161637180272 -17.32501803750865 -17.25045289260546 -17.17647373589818 -17.103088171438515 -17.03030387280274 -16.95812858189252 -16.88657010763287 -16.81563632456411 -16.74533517132458 -16.67567464902095 -16.606662819483027 -16.53830780339996 -16.470617778334848 -16.40360097661486 -16.337265683093975 -16.271620232785672 -16.206673008362944 -16.142432437523162 -16.078906990215472 -16.016105175728587 -15.954035539636985 -15.892706660603787 -15.832127147038708 -15.772305633609818 -15.713250777608051 -15.654971255163645 -15.597475757314067 -15.54077298592319 -15.484871649451925 -15.429780458580737 -15.375508121684955 -15.322063340164078 -15.269454803626749 -15.21769118493341 -15.166781135099168 -15.116733278059781 -15.067556205304163 -15.019258470377292 -14.971848583257847 -14.925335004615475 -14.87972613995298 -14.835030333639361 -14.791255862840044 -14.748410931351215 -14.706503663345684 -14.665542097038214 -14.625534178278754 -14.586487754082544 -14.548410566106526 -14.511310244082027 -14.475194299214087 -14.440070117558294 -14.405944953386431 -14.3728259225526 -14.340719995871895 -14.309633992524057 -14.279574573494829 -14.250548235068011 -14.222561302381509 -14.195619923060775 -14.169730060943293 -14.1448974899078 -14.121127787822047 -14.09842633062286 -14.076798286542292 -14.056248610493483 -14.036782038629795 -14.018403083090456 -14.001116026945851 -13.984924919355127 -13.96983357094851 -13.955845549446297 -13.94296417552595 -13.931192518948261 -13.920533394952939 -13.91098936093332 -13.902562713399282 -13.895255485236678 -13.889069443270849 -13.884006086140989 -13.880066642491311 -13.877252069484074 -13.875563051638661 -13.875 
-19.623009453190406 -19.534024802892006 -19.445436482630058 -19.35724993381033 -19.269470672543136 -19.182104290197152 -19.09515645392831 -19.008632907181937 -18.92253947016626 -18.83688204029531 -18.751666592599175 -18.666899180099517 -18.58258593414813 -18.498733064726352 -18.415346860702897 -18.33243369004781 -18.25 -18.16805231718579 -18.086597247685923 -18.005641477048243 -17.92519177024335 -17.84525497156037 -17.765838004439868 -17.6869478712411 -17.608591652940333 -17.53077650875739 -17.45350967570706 -17.376798468072305 -17.300650276795956 -17.225072568787628 -17.150072886142496 -17.075658845268606 -17.001838135919304 -16.928618520127387 -16.856007831037573 -16.78401397163384 -16.712644913358268 -16.641908694617936 -16.57181341917655 -16.50236725442747 -16.433578429544795 -16.365455233509394 -16.29800601300662 -16.23123917019277 -16.16516316032721 -16.09978648926749 -16.035117710824576 -15.971165423975798 -15.907938269933034 -15.845444929064 -15.783694117664597 -15.722694584580596 -15.662455107677085 -15.602984490154439 -15.544291556709814 -15.486385149543453 -15.429274124209472 -15.372967345311054 -15.31747368204039 -15.26280200356409 -15.20896117425513 -15.155960048772892 -15.103807466993215 -15.052512248790897 -15.002083188677497 -14.952529050297812 -14.90385856078888 -14.85608040500589 -14.809203219619887 -14.763235587092689 -14.718186029535026 -14.674063002454364 -14.630874888399532 -14.588629990509732 -14.547336525976155 -14.507002619424869 -14.467636296230287 -14.429245475768994 -14.391837964624255 -14.355421449752006 -14.320003491619685 -14.285591517329621 -14.252192813739224 -14.219814520590626 -14.188463623662711 -14.158146947958974 -14.128871150944791 -14.100642715848098 -14.073467945037569 -14.047352953492696 -14.022303662380159 -13.998325792751075 -13.975424859373685 -13.953606164715987 -13.932874793092774 -13.913235604991385 -13.894693231590253 -13.877252069484074 -13.860916275629112 -13.845689762521765 -13.831576193623054 -13.818578979041224 -13.806701271484076 -13.795945962492025 -13.786315678962238 -13.777812779973459 -13.77043935392041 -13.764197215965776 -13.759087905817013 -13.75511268583431 -13.752272539475067 -13.750568170079372 -13.75 
-19.53562451010973 -19.44623999646204 -19.35724993381033 -19.26865978733342 -19.18047509839107 -19.09270148512253 -19.005344643020816 -18.918410345480932 -18.831904444320017 -18.74583287026746 -18.660201633422936 -18.575016823680134 -18.49028461111402 -18.40601124632928 -18.322203060767556 -18.23886646697102 -18.156007958799755 -18.073634111600246 -17.991751582322383 -17.910367109582094 -17.82948751366679 -17.749119696480726 -17.66927064142717 -17.589947413224408 -17.511157157652374 -17.432907101226693 -17.35520455079686 -17.278056893065262 -17.201471594023577 -17.125456198303155 -17.050018328435897 -16.975165684022056 -16.90090604080148 -16.82724724962464 -16.75419723531987 -16.681763995453238 -16.60995559897738 -16.538780184765745 -16.46824596002865 -16.39836119860762 -16.329134239144462 -16.260573483121682 -16.19268739277085 -16.125484488845597 -16.058973348256107 -15.993162601561956 -15.928060930320425 -15.86367706428746 -15.800019778468632 -15.737097890017715 -15.674920254980565 -15.61349576488238 -15.55283334315648 -15.492941941413193 -15.433830535547552 -15.375508121684955 -15.317983711964184 -15.261266330157534 -15.20536500712824 -15.150288776125688 -15.096046667919387 -15.042647705773076 -14.990100900260812 -14.938415243927315 -14.887599705795424 -14.83766322572392 -14.788614708619601 -14.740463018507933 -14.693216972467262 -14.646885334432028 -14.60147680887108 -14.557000034347736 -14.5134635769688 -14.470875923730395 -14.429245475768994 -14.388580541526673 -14.348889329840132 -14.31017994296368 -14.272460369536851 -14.235738477507937 -14.2000220070252 -14.165318563308062 -14.131635609511024 -14.098980459593523 -14.06736027120938 -14.036782038629795 -14.007252585714301 -13.978778558944269 -13.951366420533867 -13.925022441633622 -13.899752695641746 -13.875563051638661 -13.852459167960035 -13.830446485923728 -13.809530223725933 -13.789715370521613 -13.771006680704211 -13.753408668399263 -13.736925602186247 -13.721561500062593 -13.707320124663317 -13.694204978749223 -13.682219300975992 -13.671366061955915 -13.661647960623199 -13.653067420913148 -13.645626588764621 -13.639327329454337 -13.634171225270716 -13.63015957353398 -13.62729338496827 -13.625573382430554 -13.625 
-19.448650338776723 -19.35886424871046 -19.269470672543136 -19.18047509839107 -19.091883092036785 -19.003700297573626 -18.915932438026946 -18.828585315949788 -18.741664813991314 -18.655176895435755 -18.56912760470992 -18.48352306785695 -18.398369492974098 -18.31367317061217 -18.22944047413414 -18.14567786003047 -18.062391868188442 -17.979589122112884 -17.89727632909544 -17.815460280329553 -17.7341478509682 -17.65334600012134 -17.573061770789973 -17.493302289733634 -17.414074767267998 -17.33538649698933 -17.257244855422318 -17.179657301587827 -17.10263137648707 -17.026174702498505 -16.95029498268393 -16.875 -16.80029761641144 -16.72619577190223 -16.65270248338089 -16.57982584347616 -16.507574019219177 -16.435955250608345 -16.36497784905314 -16.294650195693062 -16.224980739587952 -16.155977995776052 -16.08765054319617 -16.02000702247037 -15.953056133543816 -15.886806633178361 -15.82126733229674 -15.756447093174273 -15.692354826475215 -15.62899948813103 -15.566390076058097 -15.504535626712592 -15.443445211480501 -15.383127932901033 -15.323592920721955 -15.264849327785715 -15.20690632574555 -15.14977310061111 -15.09345884812358 -15.037972768960582 -14.983324063771697 -14.929521928045787 -14.87657554681184 -14.824494089175522 -14.773286702694158 -14.722962507593369 -14.67353059082919 -14.625 -14.577379737113251 -14.530678752212506 -14.484905936870975 -14.440070117558294 -14.396180048887969 -14.353244406753477 -14.311271781361711 -14.270270670173009 -14.230249470757707 -14.191216473579706 -14.15317985471816 -14.116147668539034 -14.080127840328723 -14.045128158902646 -14.011156269202054 -13.97821966489295 -13.946325680981353 -13.915481486459605 -13.885694076998815 -13.856970267702822 -13.82931668593933 -13.802739764264194 -13.777245733454855 -13.752840615669186 -13.729530217745982 -13.707320124663317 -13.686215693170995 -13.666222045613045 -13.647344063956181 -13.629586384039685 -13.612953390061982 -13.597449209318636 -13.583077707206124 -13.569842482505093 -13.557746862956249 -13.546793901141333 -13.536986370680884 -13.528326762759688 -13.52081728298996 -13.514459848621401 -13.509256086106296 -13.50520732902683 -13.502314616390777 -13.500578691300607 -13.5 
-19.3620924747301 -19.271903123459293 -19.182104290197152 -19.09270148512253 -19.003700297573626 -18.915106396740146 -18.826925532332677 -18.7391635352275 -18.65182631808478 -18.56491987593806 -18.478450286752945 -18.392423711952702 -18.30684639690845 -18.221724671391563 -18.137064949985707 -18.052873732456003 -17.969157604072596 -17.885923235885812 -17.803177384950136 -17.720926894493978 -17.639178694032214 -17.55793979941838 -17.4772173128333 -17.397018422706807 -17.317350403569247 -17.238220615829235 -17.15963650547412 -17.081605603689603 -17.004135526394748 -16.927233973688672 -16.85090872920508 -16.7751676593708 -16.700018712564365 -16.625469918170733 -16.551529385528095 -16.4782053027628 -16.40550593550836 -16.333439625504482 -16.262014789072108 -16.191239915460457 -16.12112356506208 -16.05167436749201 -15.982901019527088 -15.914812282901737 -15.847416981956398 -15.780724001135056 -15.7147422823284 -15.649480822059243 -15.58494866850706 -15.521154918368671 -15.45810871355225 -15.395819237702163 -15.334295712552304 -15.273547394105929 -15.21358356864023 -15.154413548534302 -15.096046667919387 -15.038492278150759 -14.981759743100941 -14.925858434274392 -14.870797725744238 -14.816586988912123 -14.763235587092689 -14.710752869924775 -14.659148167611923 -14.608430784995354 -14.558609995463165 -14.509695034700075 -14.461695094282689 -14.414619315125877 -14.368476780786473 -14.323276510631217 -14.279027452876473 -14.235738477507937 -14.193418369089246 -14.15207581946903 -14.111719420396652 -14.072357656057495 -14.03399889553936 -13.996651385242114 -13.960323241243378 -13.925022441633622 -13.890756818834602 -13.857534051915586 -13.825361658922345 -13.794246989234317 -13.764197215965776 -13.735219328427196 -13.707320124663317 -13.6805062040847 -13.654783960209697 -13.63015957353398 -13.606639004544803 -13.584227986897158 -13.56293202076896 -13.542756366412267 -13.523706037917268 -13.505785797205581 -13.489000148268959 -13.473353331669143 -13.45884931931404 -13.445491809524857 -13.43328422240816 -13.422229695546116 -13.412331080017374 -13.403590936760194 -13.396011533288556 -13.389594840770949 -13.38434253148058 -13.380255976624662 -13.377336244559302 -13.375584099395436 -13.375 
-19.275956526201234 -19.185362258763842 -19.09515645392831 -19.005344643020816 -18.915932438026946 -18.826925532332677 -18.738329701443508 -18.650150803679846 -18.56239478084657 -18.475067658874757 -18.388175548433292 -18.301724645508138 -18.21572123194687 -18.130171675966004 -18.04508243261859 -17.960460044219356 -17.876311140724756 -17.792642440064938 -17.70946074842484 -17.62677296047124 -17.54458605952275 -17.46290711765942 -17.381743295768697 -17.3011018435243 -17.220990099294525 -17.141415489976318 -17.062385530751556 -16.98390782476165 -16.905990062696713 -16.828640022295325 -16.751865567750954 -16.67567464902095 -16.60007530103403 -16.52507564279208 -16.450683876362103 -16.37690828575406 -16.30375723568037 -16.23123917019277 -16.15936261119231 -16.088136156808222 -16.017568479641348 -15.94766832486806 -15.878444508200417 -15.809905913698538 -15.742061491431166 -15.674920254980565 -15.608491278787966 -15.542783695335917 -15.477806692164107 -15.413569508715364 -15.350081433008752 -15.287351798136916 -15.225389978585113 -15.164205386369574 -15.103807466993215 -15.044205695217013 -14.985409570645709 -14.92742861312691 -14.870272357963051 -14.813950350936107 -14.758472143145442 -14.703847285659627 -14.650085323983612 -14.59719579234313 -14.545188207788856 -14.49407206412332 -14.44385682565429 -14.394551920778916 -14.346166735403573 -14.298710606205022 -14.252192813739224 -14.206622575404754 -14.162009038268547 -14.118361271762385 -14.075688260259247 -14.03399889553936 -13.99330196915653 -13.953606164715987 -13.914920050075747 -13.877252069484074 -13.840610535666409 -13.805003621875656 -13.77043935392041 -13.736925602186247 -13.704470073665746 -13.67308030401343 -13.642763649642253 -13.613527279878642 -13.585378169193525 -13.558323089526963 -13.532368602724357 -13.50752105310223 -13.4837865601618 -13.461171011468505 -13.439680055715613 -13.41931909598993 -13.400093283257396 -13.382007510086071 -13.36506640462366 -13.349274324846276 -13.334635353094587 -13.321153290912916 -13.308831654206164 -13.297673668728677 -13.287682265918312 -13.278860079088114 -13.271209439986997 -13.264732375739813 -13.25943060617612 -13.255305541555805 -13.252358280698571 -13.250589609523042 -13.25 
-19.190248174528644 -19.099247367370264 -19.008632907181937 -18.918410345480932 -18.828585315949788 -18.7391635352275 -18.650150803679846 -18.561553006146873 -18.47337611266549 -18.385626179165072 -18.298309348133778 -18.21143184925337 -18.125 -18.03902020620854 -17.95349896259779 -17.86844285325389 -17.783858552069063 -17.69975282313287 -17.616132521072835 -17.533004591341438 -17.45037607044616 -17.368254086119308 -17.286645857424162 -17.205558694793957 -17.125 -17.04497726604527 -16.965498076979642 -16.88657010763287 -16.808201123261227 -16.730398979103875 -16.65317161984467 -16.576527078975257 -16.500473478055106 -16.42501902586417 -16.350172017443732 -16.27594083302099 -16.20233393681293 -16.129359875704925 -16.057027277799587 -15.98534485083134 -15.914321380442209 -15.84396572831436 -15.774286830154953 -15.705293693528944 -15.63699539553555 -15.56940108032419 -15.502519956445791 -15.436361294035587 -15.370934421823547 -15.306248723968913 -15.242313636715393 -15.179138644863878 -15.116733278059781 -15.055107106892333 -14.994269738803554 -14.934230813804907 -14.875 -14.816586988912123 -14.75900149061582 -14.702253228672127 -14.646351934867603 -14.591307343757789 -14.537129187016259 -14.483827187590993 -14.431411053670393 -14.379890472461883 -14.329275103786653 -14.279574573494829 -14.230798466705936 -14.182956320880354 -14.136057618728072 -14.090111780961854 -14.045128158902646 -14.001116026945851 -13.958084574897804 -13.916042900192569 -13.875 -13.834964763236659 -13.795945962492025 -13.757952245883105 -13.720992128851325 -13.685073985916189 -13.650206042400972 -13.61639636614622 -13.58365285922752 -13.551983249694489 -13.521395083348464 -13.491895715576815 -13.463492303262182 -13.436191796785279 -13.41000093214016 -13.38492622318106 -13.360973954019968 -13.338150171594261 -13.316460678423528 -13.295911025574743 -13.276506505854618 -13.258252147247767 -13.24115270661886 -13.225212663696565 -13.210436215356403 -13.196827270219156 -13.184389443580617 -13.173126052687723 -13.163040112375256 -13.154134331076294 -13.146411107218578 -13.139872526017898 -13.134520356678427 -13.130356050008697 -13.12738073646072 -13.125595224598388 -13.125 
-19.1049731745428 -19.013564237143967 -18.92253947016626 -18.831904444320017 -18.741664813991314 -18.65182631808478 -18.56239478084657 -18.47337611266549 -18.384776310850235 -18.296601460380558 -18.208857734630143 -18.12155139605878 -18.034688796871432 -17.948276379641584 -17.86232067789625 -17.776828316659866 -17.69180601295413 -17.607260576250923 -17.523198908875056 -17.439628006353804 -17.356554957709783 -17.273986945693807 -17.191931246954194 -17.110395232138853 -17.029386365926403 -16.948912206982488 -16.868980407837338 -16.789598714680466 -16.710774967068403 -16.63251709754119 -16.554833131143305 -16.477731184844593 -16.401219466856727 -16.325306275840585 -16.25 -16.175309116057104 -16.101242188104617 -16.027807866330317 -15.95501488560885 -15.88287206395619 -15.811388300841896 -15.740572575354431 -15.67043394421482 -15.600981539633972 -15.532224567009067 -15.46417230245447 -15.396834090162821 -15.33021933959198 -15.264337522473747 -15.199198169640397 -15.13481086766531 -15.071185255314195 -15.008331019803634 -14.94625789286402 -14.884975646604197 -14.824494089175522 -14.7648230602334 -14.705972426194739 -14.647952075290252 -14.59077191241094 -14.534441853748634 -14.478971821230953 -14.424371736751656 -14.370651516197865 -14.317821063276353 -14.265890263141658 -14.2148689758295 -14.164767029499638 -14.115594213493104 -14.06736027120938 -14.020074892809953 -13.973747707755425 -13.92838827718412 -13.884006086140989 -13.840610535666409 -13.798210934755273 -13.756816492197604 -13.716436308312739 -13.67707936658993 -13.638754525248997 -13.601470508735444 -13.56523589916519 -13.530059127734809 -13.495948466113822 -13.46291201783626 -13.430957709709311 -13.400093283257396 -13.370326286220543 -13.341664064126334 -13.314113751955103 -13.287682265918312 -13.262376295370299 -13.238202294873727 -13.215166476439107 -13.193274801958761 -13.172532975855479 -13.152946437965905 -13.134520356678427 -13.117259622344905 -13.101168840985142 -13.0862523283024 -13.07251410402758 -13.059957886608977 -13.048587088263618 -13.038404810405298 -13.029413839463386 -13.021616643105418 -13.015015366875293 -13.009611831257688 -13.005407529178008 -13.002403623945844 -13.000600947648536 -13.0 
-19.02013735491939 -18.92831873146688 -18.83688204029531 -18.74583287026746 -18.655176895435755 -18.56491987593806 -18.475067658874757 -18.385626179165072 -18.296601460380558 -18.2079996155536 -18.119826847958564 -18.03208945186331 -17.944793813248456 -17.857946410491884 -17.771553815015725 -17.685622691892984 -17.600159800410903 -17.515171994588005 -17.430666223641598 -17.346649532402505 -17.26312906167361 -17.18011204852867 -17.097605826547763 -17.015617825985633 -16.934155573869045 -16.85322669401916 -16.772838906994846 -16.693000029952675 -16.613717976419366 -16.535000755972163 -16.456856473822697 -16.379293330299692 -16.302319620225827 -16.22594373218396 -16.150174147667883 -16.075019440112662 -16.000488273799647 -15.92658940263106 -15.853331668769187 -15.780724001135056 -15.70877541376157 -15.637495003996005 -15.56689195054684 -15.496975511369952 -15.42775502138921 -15.359239890046643 -15.291439598677425 -15.224363697705071 -15.158021803652348 -15.092423595963638 -15.027578813634618 -14.96349725164542 -14.900188757193648 -14.83766322572392 -14.77593059675092 -14.715000849473302 -14.654883998176171 -14.595590087420241 -14.537129187016259 -14.47951138678374 -14.422746791093575 -14.366845513194606 -14.311817669324885 -14.25767337260887 -14.204422726742541 -14.15207581946903 -14.100642715848098 -14.050133451323514 -14.000558024593163 -13.951926390287472 -13.904248451462596 -13.857534051915586 -13.811792968329637 -13.767034902258365 -13.723269471958933 -13.6805062040847 -13.638754525248997 -13.598023753472415 -13.558323089526963 -13.519661608191235 -13.482048249431537 -13.445491809524857 -13.41000093214016 -13.375584099395436 -13.342249622908424 -13.310005634859815 -13.278860079088114 -13.248820702236104 -13.219895044969155 -13.192090433286152 -13.165413969944128 -13.139872526017898 -13.115472732616237 -13.092220972776163 -13.070123373556962 -13.04918579835539 -13.029413839463386 -13.010812810889256 -12.993387741462962 -12.97714336824557 -12.962084130262387 -12.94821416257856 -12.935537290735162 -12.924057025562831 -12.913776558389106 -12.904698756654492 -12.896826159951138 -12.890160976496764 -12.88470508005519 -12.880460007313403 -12.877426955723724 -12.87560678181809 -12.875 
-18.9357466184991 -18.84351678960167 -18.751666592599175 -18.660201633422936 -18.56912760470992 -18.478450286752945 -18.388175548433292 -18.298309348133778 -18.208857734630143 -18.119826847958564 -18.031222920256962 -17.943052276577696 -17.855321335669096 -17.7680366107232 -17.681204710086924 -17.59483233793377 -17.50892629489313 -17.423493478633958 -17.338540884399702 -17.25407560549101 -17.170104833692776 -17.086635859641884 -17.003676073131953 -16.921232963351105 -16.83931411904891 -16.757927228628247 -16.677080080157918 -16.59678056130164 -16.51703665915893 -16.437856460013272 -16.359248148982886 -16.281220009569306 -16.203780423098802 -16.1269378680517 -16.050700919274522 -15.975078247069716 -15.900078616157845 -15.825710884506895 -15.751984002023365 -15.678907009099838 -15.606489035013608 -15.534739296171017 -15.463667094192115 -15.393281813830344 -15.323592920721955 -15.254609958959946 -15.18634254848744 -15.11880038230547 -15.051993223490369 -14.985930902016063 -14.920623311376774 -14.85608040500589 -14.792312192487016 -14.72932873555343 -14.66714014387263 -14.605756570612835 -14.545188207788856 -14.485445281385037 -14.426538046253508 -14.368476780786473 -14.311271781361711 -14.254933356561159 -14.199471821162927 -14.1448974899078 -14.091220671041953 -14.038451659638252 -13.986600730699365 -13.935678132046535 -13.885694076998815 -13.836658736848285 -13.788582233137676 -13.741474629747712 -13.695345924802337 -13.650206042400972 -13.606064824187778 -13.56293202076896 -13.52081728298996 -13.47973015308541 -13.439680055715613 -13.400676288904227 -13.362728014892767 -13.325844250928345 -13.290033860002012 -13.255305541555805 -13.221667822177352 -13.18912904630173 -13.157697366940766 -13.12738073646072 -13.098186897429736 -13.070123373556962 -13.043197460745581 -13.017416218282337 -12.992786460186283 -12.969314746739705 -12.947007376224052 -12.925870376883717 -12.905909499140307 -12.887130208079688 -12.869537676233751 -12.85313677667829 -12.837932076467768 -12.823927830426994 -12.811127975318957 -12.799536124407009 -12.789155562428663 -12.779989240997036 -12.772039774444801 -12.76530943612414 -12.759800155174846 -12.755513513771211 -12.75245074485685 -12.75061273037496 -12.75 
-18.851806942571844 -18.759164427020732 -18.666899180099517 -18.575016823680134 -18.48352306785695 -18.392423711952702 -18.301724645508138 -18.21143184925337 -18.12155139605878 -18.03208945186331 -17.943052276577696 -17.854446224960324 -17.76627774746303 -17.67855339104419 -17.591279799946335 -17.504463716435303 -17.41811198149788 -17.33223153549479 -17.246829418765643 -17.161912772182475 -17.077488837648232 -16.99356495853651 -16.910148580068714 -16.82724724962464 -16.744868616982338 -16.66302043448306 -16.58171055711684 -16.500946942524237 -16.420737650909597 -16.341090844861 -16.262014789072108 -16.183517849960804 -16.10560849517956 -16.02829529301229 -15.951586911652395 -15.87549211835652 -15.800019778468632 -15.72517885430878 -15.65097840392095 -15.57742757967438 -15.504535626712592 -15.432311881244495 -15.36076576867182 -15.289906801547222 -15.219744577357401 -15.150288776125688 -15.081549157828581 -15.013535559620859 -14.94625789286402 -14.87972613995298 -14.813950350936107 -14.74894063992394 -14.684707181282166 -14.621260205604713 -14.558609995463165 -14.496766880929002 -14.435741234865635 -14.375543467987567 -14.316184023684524 -14.25767337260887 -14.2000220070252 -14.143240434921553 -14.087339173882341 -14.032328744723735 -13.97821966489295 -13.925022441633622 -13.872747564920223 -13.821405500165314 -13.771006680704211 -13.721561500062593 -13.67308030401343 -13.625573382430554 -13.57905096094716 -13.533523192428497 -13.489000148268959 -13.445491809524857 -13.403008057895063 -13.36155866656282 -13.321153290912916 -13.281801459139494 -13.243512562760682 -13.206295847057191 -13.170160401452975 -13.13511514985689 -13.101168840985142 -13.068330038685126 -13.036607112281938 -13.006008226969564 -12.976541334269314 -12.94821416257856 -12.921034207833365 -12.895008724308797 -12.870144715581096 -12.84644892567592 -12.823927830426994 -12.802587629069366 -12.78243423609134 -12.763473273368813 -12.745710062605378 -12.729149618100967 -12.713796639871191 -12.699655507138766 -12.686730272217503 -12.675024654808368 -12.664542036726003 -12.655285457072868 -12.647257607876895 -12.6404608302071 -12.634897110780127 -12.630568079069128 -12.627475004924777 -12.625618796716461 -12.625 
-18.76832437912346 -18.67526773569793 -18.58258593414813 -18.49028461111402 -18.398369492974098 -18.30684639690845 -18.21572123194687 -18.125 -18.034688796871432 -17.944793813248456 -17.855321335669096 -17.76627774746303 -17.67766952966369 -17.589503261888893 -17.50178562318714 -17.414523392846558 -17.327723451163457 -17.241392780167153 -17.155538464297763 -17.070167691033383 -16.98528775146303 -16.90090604080148 -16.81703005884214 -16.733667410343735 -16.650825805346713 -16.568513059414837 -16.486737093797547 -16.40550593550836 -16.32482771731451 -16.244710677632888 -16.16516316032721 -16.08619361440114 -16.00781059358212 -15.9300227557904 -15.85283886248769 -15.776267777899816 -15.700318468107582 -15.625 -15.550321540083987 -15.476292353144535 -15.402921800749363 -15.33021933959198 -15.258194519667128 -15.186856982272534 -15.116216457830975 -15.046282763526678 -14.97706580075016 -14.908575552345704 -14.84082207965583 -14.773815519357212 -14.707566080082728 -14.642084038824528 -14.577379737113251 -14.5134635769688 -14.450346016618425 -14.388037565978204 -14.326548781894402 -14.265890263141658 -14.206072645175372 -14.147106594636233 -14.089002803605371 -14.031771983609199 -13.975424859373685 -13.919972162328486 -13.865424623862047 -13.811792968329637 -13.759087905817013 -13.707320124663317 -13.656500283747663 -13.606639004544803 -13.557746862956249 -13.509834380924142 -13.46291201783626 -13.416990161731505 -13.372079120316332 -13.3281891118036 -13.285330255586423 -13.243512562760682 -13.202745926510893 -13.163040112375256 -13.124404748406688 -13.086849315247731 -13.050383136138187 -13.015015366875293 -12.98075498574717 -12.94761078346117 -12.91559135308949 -12.88470508005519 -12.854960132182441 -12.826364449835348 -12.798925736170204 -12.772651447526469 -12.747548783981962 -12.723624680098043 -12.700885795880538 -12.67933850798219 -12.658988901172163 -12.639842760097928 -12.621905561364338 -12.60518246595423 -12.589678312014172 -12.575397608028146 -12.562344526401112 -12.550522897473236 -12.539936203984453 -12.53058757600776 -12.522479786368194 -12.51561524656299 -12.509996003196804 -12.50562373494421 -12.502499750049987 -12.500624984375781 -12.5 
-18.685305055042587 -18.59183288436081 -18.498733064726352 -18.40601124632928 -18.31367317061217 -18.221724671391563 -18.130171675966004 -18.03902020620854 -17.948276379641584 -17.857946410491884 -17.7680366107232 -17.67855339104419 -17.589503261888893 -17.50089283436705 -17.41272882118136 -17.32501803750865 -17.237767401841804 -17.150983936789167 -17.064674769827874 -16.978847134007655 -16.893508368601236 -16.808665919697493 -16.724327340733318 -16.640500292959945 -16.557192545839406 -16.474411977366596 -16.392166574312256 -16.31046443238205 -16.2293137562868 -16.14872285971866 -16.06870016522805 -15.989254203995882 -15.9103936154955 -15.832127147038708 -15.754463653200004 -15.677412095113148 -15.600981539633972 -15.525181158363338 -15.450020226523977 -15.375508121684955 -15.301654322327373 -15.22846840624493 -15.155960048772892 -15.084139020839075 -15.013015186830392 -14.942598502268606 -14.872899011288956 -14.803926843915434 -14.735692213126603 -14.66820541170596 -14.60147680887108 -14.535516846675938 -14.470336036181054 -14.405944953386431 -14.342354234922523 -14.279574573494829 -14.217616713078181 -14.156491443857126 -14.096209596909377 -14.036782038629795 -13.97821966489295 -13.920533394952939 -13.863734165079768 -13.807832921932391 -13.752840615669186 -13.698768192797482 -13.645626588764621 -13.593426720293893 -13.542179477469643 -13.491895715576815 -13.44258624670119 -13.394261831097673 -13.346933168334964 -13.30061088822615 -13.255305541555805 -13.21102759061535 -13.167787399559579 -13.125595224598388 -13.084461204038934 -13.044395348194564 -13.005407529178008 -12.967507470597424 -12.930704737175 -12.895008724308797 -12.860428647599582 -12.826973532365303 -12.794652203166759 -12.763473273368813 -12.733445134762233 -12.704575947271913 -12.67687362877772 -12.650345845074751 -12.625 -12.60084322575279 -12.577882373436317 -12.556124003847684 -12.53557437854365 -12.516239451208977 -12.498124859353902 -12.481235916366616 -12.465577603945997 -12.451154564938948 -12.437971096605748 -12.426031144335669 -12.415338295833907 -12.405895775799506 -12.397706441112405 -12.390772776546264 -12.385096891021886 -12.380680514414383 -12.377524994925277 -12.375631297028852 -12.375 
-18.602755172285637 -18.508866118701057 -18.415346860702897 -18.322203060767556 -18.22944047413414 -18.137064949985707 -18.04508243261859 -17.95349896259779 -17.86232067789625 -17.771553815015725 -17.681204710086924 -17.591279799946335 -17.50178562318714 -17.41272882118136 -17.324116139070416 -17.235954426720905 -17.148250639642516 -17.061011839864598 -16.974245196767956 -16.88795798786816 -16.802157599546554 -16.716851527724952 -16.632047378479896 -16.54775286859216 -16.463975826026957 -16.380724190340302 -16.29800601300662 -16.215829457662657 -16.134202800262553 -16.053134429138755 -15.972632844963288 -15.892706660603787 -15.81336460086847 -15.73461550213414 -15.656468311851176 -15.578932087919249 -15.502015997927495 -15.425729318252671 -15.350081433008752 -15.275081832841355 -15.200740113560261 -15.127065974603271 -15.054069217324598 -14.981759743100941 -14.910147551248444 -14.839242736743678 -14.76905548774193 -14.699596082886087 -14.630874888399532 -14.562902354956583 -14.495689014324224 -14.429245475768994 -14.363582422223224 -14.298710606205022 -14.234640845486759 -14.171384018507155 -14.108951059522463 -14.047352953492696 -13.986600730699365 -13.92670546109165 -13.867678248358663 -13.809530223725933 -13.752272539475067 -13.695916362186212 -13.64047286570374 -13.585953223826438 -13.532368602724357 -13.47973015308541 -13.428049001995785 -13.377336244559302 -13.32760293526184 -13.278860079088114 -13.231118622399242 -13.184389443580617 -13.138683343470912 -13.094011035584169 -13.050383136138187 -13.007810153903693 -12.96630247988994 -12.925870376883717 -12.886523968859873 -12.848273230282738 -12.811127975318957 -12.775097846983403 -12.740192306240907 -12.706420621087592 -12.673791855636576 -12.642314859233652 -12.61199825562944 -12.582850432235139 -12.55487952948972 -12.528093430366809 -12.502499750049987 -12.478105825805454 -12.45491870708115 -12.432945145861458 -12.41219158730641 -12.392664160704106 -12.374368670764582 -12.357310589282767 -12.341495047197483 -12.326926827072512 -12.313610356024752 -12.301549699123278 -12.290748553281855 -12.281210241665924 -12.272937708633577 -12.265933515228264 -12.260199835239229 -12.25573845184369 -12.252550754842845 -12.250637738501617 -12.25 
-18.52068100799752 -18.42637376154082 -18.33243369004781 -18.23886646697102 -18.14567786003047 -18.052873732456003 -17.960460044219356 -17.86844285325389 -17.776828316659866 -17.685622691892984 -17.59483233793377 -17.504463716435303 -17.414523392846558 -17.32501803750865 -17.235954426720905 -17.147339443773777 -17.059180079945225 -16.971483435457255 -16.88425672038897 -16.797507255542413 -16.711242473257336 -16.625469918170733 -16.540197247916968 -16.45543223376402 -16.371182761181306 -16.287456830334193 -16.204262556500375 -16.12160817040285 -16.039502018454314 -15.95795256290731 -15.876968381904652 -15.796558169424124 -15.716730735111549 -15.637495003996005 -15.55886001608087 -15.480834925804228 -15.403429001362001 -15.326651623887065 -15.250512286477461 -15.175020593066751 -15.100186257129414 -15.026019100214135 -14.952529050297812 -14.87972613995298 -14.807620504321415 -14.73622237888666 -14.665542097038214 -14.595590087420241 -14.526376871057696 -14.45791305825291 -14.390209345245815 -14.323276510631217 -14.257125411526687 -14.191766979484973 -14.127212216145123 -14.063472188616863 -14.000558024593163 -13.938480907186406 -13.877252069484074 -13.81688278882035 -13.757384380760756 -13.698768192797482 -13.64104559775386 -13.584227986897158 -13.528326762759688 -13.473353331669143 -13.41931909598993 -13.366235446078301 -13.314113751955103 -13.262965354701036 -13.212801557580436 -13.163633616900768 -13.115472732616237 -13.068330038685126 -13.022216593191805 -12.97714336824557 -12.933121239669873 -12.890160976496764 -12.848273230282738 -12.80746852426349 -12.767757242366413 -12.729149618100967 -12.691655723348314 -12.655285457072868 -12.620048533979574 -12.585954473141877 -12.553012586626368 -12.521231968141153 -12.490621481735806 -12.461189750581603 -12.432945145861458 -12.405895775799506 -12.380049474860753 -12.355413793151568 -12.331995986051894 -12.30980300411018 -12.28884148323185 -12.269117735191884 -12.250637738501617 -12.23340712965934 -12.217431194813416 -12.20271486186578 -12.189262693042595 -12.177078877957554 -12.166167227191972 -12.156531166414208 -12.148173731059332 -12.14109756158808 -12.13530489934225 -12.130797583011597 -12.127577045725168 -12.125644312777775 -12.125 
-18.439088914585774 -18.34436221295251 -18.25 -18.156007958799755 -18.062391868188442 -17.969157604072596 -17.876311140724756 -17.783858552069063 -17.69180601295413 -17.600159800410903 -17.50892629489313 -17.41811198149788 -17.327723451163457 -17.237767401841804 -17.148250639642516 -17.059180079945225 -16.97056274847714 -16.88240578235223 -16.794716431068434 -16.7075020574591 -16.62077013859466 -16.53452826663041 -16.44878414959598 -16.36354561212209 -16.278820596099706 -16.194617161266887 -16.110943485718025 -16.027807866330317 -15.945218719101975 -15.863184579396409 -15.78171410208663 -15.700816061593741 -15.620499351813308 -15.54077298592319 -15.461646096066227 -15.383127932901033 -15.305227865013967 -15.227955378185214 -15.15132007450176 -15.075331671309922 -15.0 -14.925335004615475 -14.851346740279146 -14.778045371428524 -14.705441169852742 -14.633544512523272 -14.562365879210699 -14.491915849879891 -14.422205101855956 -14.353244406753477 -14.285044627161653 -14.217616713078181 -14.150971698084906 -14.085120695258524 -14.020074892809953 -13.955845549446297 -13.892443989449804 -13.829881597468576 -13.768169813014364 -13.707320124663317 -13.647344063956181 -13.58825319899508 -13.530059127734809 -13.47277347096729 -13.416407864998739 -13.360973954019968 -13.306483382171264 -13.252947785304219 -13.200378782444085 -13.148787966957258 -13.098186897429736 -13.048587088263618 -13.0 -12.952437029377908 -12.905909499140307 -12.860428647599582 -12.816005617976296 -12.772651447526469 -12.730377056474016 -12.689193236766473 -12.649110640673518 -12.610139769249189 -12.572290960680158 -12.53557437854365 -12.5 -12.465577603945997 -12.432316759156356 -12.40022681244178 -12.36931687685298 -12.33959581996104 -12.31107225224513 -12.2837545156194 -12.257650672131263 -12.232768492863748 -12.20911544707478 -12.186698691606352 -12.165525060596439 -12.145601055526235 -12.126932835634904 -12.109526208733355 -12.093386622447824 -12.078519155923047 -12.064928512013655 -12.052619009991147 -12.041594578792296 -12.03185875083314 -12.023414656411049 -12.016265018715258 -12.010412149464313 -12.005857945186591 -12.002603884157804 -12.00065102400699 -12.0 
-18.357985319745737 -18.262837950329626 -18.16805231718579 -18.073634111600246 -17.979589122112884 -17.885923235885812 -17.792642440064938 -17.69975282313287 -17.607260576250923 -17.515171994588005 -17.423493478633958 -17.33223153549479 -17.241392780167153 -17.150983936789167 -17.061011839864598 -16.971483435457255 -16.88240578235223 -16.793786053180504 -16.70563153550323 -16.617949632851822 -16.530747865719807 -16.44403387250221 -16.357815410378002 -16.27210035613104 -16.18689670690463 -16.102212580884654 -16.018056217906093 -15.934435979977453 -15.851360351717451 -15.768837940698104 -15.686877477688158 -15.605487816790605 -15.524677935467777 -15.444456934447388 -15.36483403750265 -15.285818591099398 -15.207420063903015 -15.129648046137756 -15.052512248790897 -14.976022502654034 -14.900188757193648 -14.825021079243024 -14.750529651507433 -14.676724770874461 -14.603616846521275 -14.531216397810612 -14.459534051967236 -14.388580541526673 -14.318366701548051 -14.248903466582965 -14.180201867392439 -14.112273027404196 -14.045128158902646 -13.978778558944269 -13.913235604991385 -13.848510750257589 -13.784615518758585 -13.721561500062593 -13.659360343734988 -13.598023753472415 -13.537563480922259 -13.477991319184028 -13.41931909598993 -13.36155866656282 -13.304721906150462 -13.248820702236104 -13.193866946426283 -13.139872526017898 -13.086849315247731 -13.03480916622871 -12.98376389957858 -12.933725294747836 -12.88470508005519 -12.836714922440242 -12.789766416944447 -12.743871075932933 -12.699040318071283 -12.655285457072868 -12.612617690233856 -12.571048086774626 -12.53058757600776 -12.491246935354372 -12.453036778232047 -12.415967541839017 -12.380049474860753 -12.345292625126389 -12.311706827243736 -12.279301690242812 -12.24808658525894 -12.218070633287402 -12.189262693042595 -12.161671348955291 -12.13530489934225 -12.110171344782865 -12.086278376737813 -12.063633366444787 -12.04224335412634 -12.022115038544591 -12.003254766937175 -11.98566852536812 -11.969361929526569 -11.954340216005232 -11.94060823408925 -11.928170438084795 -11.917030880215089 -11.90719320410986 -11.898660638912263 -11.89143599402528 -11.885521654517314 -11.880919577204452 -11.877631287424274 -11.875657876513621 -11.875 
