<?xml version="1.0" encoding="UTF-8" standalone="yes"?>
<output>
    <algorithm>eFastMarching</algorithm>
    <cellsize>12.5cm</cellsize>
    <deviation>0.11686</deviation>
    <distanceMap>-19.996906262170942 -19.908517914522623 -19.820510434264193 -19.732888780730644 -19.645657979574874 -19.558823123354923 -19.472389372115618 -19.386361953950548 -19.30074616555412 -19.21554737275709 -19.13077101104238 -19.046422586047143 -18.962507674038147 -18.87903192237428 -18.796001049942127 -18.713420847567832 -18.63129717840255 -18.549635978289015 -18.46844325608523 -18.38772509396977 -18.307487647710694 -18.227737146899408 -18.148479895151823 -18.069722270268592 -17.991470724358358 -17.913731783919204 -17.836512049873843 -17.75981819756376 -17.68365697668742 -17.608035211196952 -17.532959799141175 -17.458437712445605 -17.384475996645055 -17.31108177054814 -17.23826222585024 -17.166024626672275 -17.094376309036342 -17.023324680272573 -16.952877218352338 -16.883041471145535 -16.813825055606223 -16.74523565686991 -16.677281027277 -16.60996898530232 -16.543307414403777 -16.477304261781327 -16.411967537034364 -16.347305310733823 -16.283325712890168 -16.220036931326163 -16.157447209942628 -16.09556484688249 -16.03439819258847 -15.973955647752382 -15.914245661150902 -15.855276727375104 -15.797057384443093 -15.739596211300407 -15.682901825202716 -15.626982878986425 -15.571848058220766 -15.517506078244475 -15.463965681087858 -15.411235632281182 -15.359324717546977 -15.30824173938419 -15.25799551354499 -15.208594865402969 -15.160048626223189 -15.112365629338242 -15.065554706229255 -15.01962468253113 -14.974584373958708 -14.930442582170928 -14.887208090585283 -14.844889660147603 -14.803496025085662 -14.763035888652025 -14.723517918890868 -14.684950744440417 -14.647342950409467 -14.61070307436128 -14.575039602438894 -14.540360965688715 -14.506675536629148 -14.473991626140165 -14.442317480747993 -14.411661280407865 -14.382031136897151 -14.353435092971836 -14.325881122460043 -14.299377131524833 -14.273930961373152 -14.249550392778902 -14.226243152891382 -14.204016924932091 -14.182879361610993 -14.162838103347038 -14.143900802806066 -14.126075157863212 -14.109368955988334 -14.09379013446247 -14.079346863017873 -14.06604765913984 -14.053901552499513 -14.042918326127769 -14.033108883221706 -14.024485831789672 -14.017064475903105 -14.0108646441458 -14.005914496659269 -14.002260113921386 -14.0 
-19.908517914522623 -19.81975033362386 -19.73136198597554 -19.643357851271514 -19.555742976681046 -19.468522477473527 -19.381701537629425 -19.29528541044227 -19.209279419104725 -19.123688957276144 -19.038519489640933 -18.953776552442903 -18.869465754001602 -18.785592775207895 -18.702163370006225 -18.619183365836626 -18.53665866406549 -18.45459524038607 -18.372999145189436 -18.291876503903563 -18.21123351730409 -18.13107646179195 -18.051411689632697 -17.9722456291553 -17.893584784921273 -17.81543573784398 -17.737805145263625 -17.66069974098431 -17.584126335253195 -17.508091814693387 -17.432603142189354 -17.357667356706926 -17.28329157306253 -17.209482981627623 -17.136248847976933 -17.063596512465445 -16.991533389736936 -16.920066968168918 -16.849204809235196 -16.778954546799046 -16.709323886325276 -16.640320604008757 -16.571952545823653 -16.504227626480247 -16.43715382829472 -16.37073919996776 -16.304991855265875 -16.23991997160492 -16.17553178853429 -16.111835606116777 -16.048839783206937 -15.986552735617153 -15.924982934174995 -15.864138902671987 -15.804029215692886 -15.744662496335039 -15.686047413805337 -15.628192680902977 -15.571107051380032 -15.514799317181936 -15.459278305568331 -15.404552876110467 -15.350631917571404 -15.297524344664376 -15.245239094692643 -15.193785124071205 -15.143171404738734 -15.093406920453855 -15.044500662986913 -14.996461628209012 -14.94929881208562 -14.903021206580753 -14.85763779548007 -14.813157550144922 -14.769589425207261 -14.726942354216991 -14.685225245263451 -14.644446976582312 -14.60461639217695 -14.565742297474062 -14.527833455041192 -14.490898580411985 -14.454946338043605 -14.4199853374701 -14.386024129695077 -14.353071203904186 -14.321134984566573 -14.290223829036584 -14.26034602576252 -14.231509793263095 -14.20372328004088 -14.176994565672473 -14.151331663352783 -14.126742524265559 -14.10323504425331 -14.08081707340295 -14.059496429374795 -14.039280915582442 -14.020178345740469 -14.002196576910261 -13.985343554074877 -13.969627370680222 -13.955056351810162 -13.94163917030791 -13.92938501248029 -13.918303821234392 -13.90840666598382 -13.89970633236453 -13.892218322233136 -13.885962698444931 -13.880967926131051 -13.877280548051473 -13.875 
-19.820510434264193 -19.73136198597554 -19.642591088294733 -19.554202740646414 -19.466202011096247 -19.378594037007527 -19.29138402569446 -19.204577255052488 -19.11817907418681 -19.032194904011455 -18.946630237848883 -18.86149064200131 -18.7767817563081 -18.6925092946782 -18.608679045609772 -18.525296872678176 -18.442368715003493 -18.35990058769368 -18.277898582253776 -18.19636886697155 -18.115317687267137 -18.0347513660138 -17.95467630381861 -17.875098979267076 -17.796025949130442 -17.717463848530432 -17.639419391056695 -17.56189936884618 -17.48491065260475 -17.408460191583256 -17.332555013501523 -17.257202224411913 -17.182409008510906 -17.108182627884663 -17.034530422189587 -16.96145980827619 -16.888978279731475 -16.817093406361778 -16.745812833590467 -16.675144281786483 -16.60509554550734 -16.535674492661915 -16.466889063586247 -16.398747270029137 -16.33125719405035 -16.264426986818883 -16.19826486731634 -16.132779120942203 -16.06797809800945 -16.003870212142758 -15.940463938561766 -15.877767812257092 -15.815790426051212 -15.754540428543557 -15.694026521941094 -15.634257459764854 -15.575242044437271 -15.516989124746368 -15.459507593184815 -15.402806383166787 -15.346894466113117 -15.291780848416314 -15.23747456827415 -15.183984692403982 -15.131320312626718 -15.079490542329959 -15.028504512813234 -14.97837136951172 -14.929100268110346 -14.880700370547538 -14.833180840915201 -14.786550841264754 -14.740819527323977 -14.69599604413995 -14.652089521650325 -14.609109070207229 -14.56706377606418 -14.525962696840384 -14.485814856997377 -14.446629243338553 -14.408414800568618 -14.371180426948602 -14.334934970086893 -14.299687222911032 -14.265445919881632 -14.232219733518061 -14.200017271313202 -14.168847073141936 -14.138717609283354 -14.109637279204774 -14.081614411287692 -14.054657263738324 -14.028774026957102 -14.00397282774603 -13.980261735836597 -13.957648773348671 -13.936141928029718 -13.9157491713809 -13.896478483211208 -13.878337884759565 -13.861335483452086 -13.845479533771767 -13.830778520961163 -13.817241277978463 -13.804877152485183 -13.793696251969916 -13.783709816806027 -13.774930815117376 -13.767374951680331 -13.761062529311433 -13.756022324996302 -13.75230135338077 -13.75 
-19.732888780730644 -19.643357851271514 -19.554202740646414 -19.46542846735457 -19.37704011970625 -19.28904285652 -19.201441907802298 -19.114242575427532 -19.02745023379247 -18.94107033046227 -18.855108386801817 -18.769569998593408 -18.684460836626375 -18.599786647277405 -18.515553253065416 -18.4317665531843 -18.34843252401234 -18.26555721959669 -18.18314677210808 -18.101207392263404 -18.019745369728263 -17.938767073474505 -17.858278952106396 -17.778287534153325 -17.69879942831808 -17.619821323687287 -17.54135998989388 -17.463422277238667 -17.386015116761428 -17.30914552025785 -17.232820580246962 -17.157047469880528 -17.081833442795272 -17.007185832904316 -16.93311205411834 -16.859619600009164 -16.786716043395206 -16.714409035860054 -16.642706307192103 -16.571615664749533 -16.501144992734936 -16.431302251396993 -16.36209547613562 -16.29353277652051 -16.225622335214084 -16.158372406799653 -16.091791316508353 -16.025887458840383 -15.960669296088444 -15.896145356744402 -15.832324233798206 -15.769214582922139 -15.706825120538992 -15.645164621768219 -15.58424191825473 -15.52406589586948 -15.464645492287396 -15.405989694435286 -15.348107535812847 -15.291008093683553 -15.234700486130551 -15.179193868986369 -15.1244974326254 -15.070620398630771 -15.017572016327387 -14.965361559183263 -14.913998321090949 -14.863491612518796 -14.813850756545232 -14.765085084778228 -14.717203933159476 -14.67021663767305 -14.624132529953787 -14.578960932814608 -14.534711155697297 -14.491392490064952 -14.449014204753322 -14.407585541291077 -14.36711570922388 -14.327613881457125 -14.289089189649953 -14.251550719698223 -14.215007507347705 -14.179468533986082 -14.144942722663876 -14.11143893443174 -14.078965965058607 -14.047532542241477 -14.017147323430063 -13.987818894411266 -13.959555768840548 -13.932366388961485 -13.90625912779065 -13.881242293157252 -13.857324134072616 -13.834512850058873 -13.812816604286681 -13.792243541641112 -13.77280181326992 -13.754499609780646 -13.737345206172822 -13.721347023032788 -13.706513710767371 -13.692854267399783 -13.680378206852325 -13.669095806092786 -13.659018481383614 -13.650159388389332 -13.642534440131184 -13.636164185285448 -13.631077719789797 -13.627322540085839 -13.625 
-19.645657979574874 -19.555742976681046 -19.466202011096247 -19.37704011970625 -19.288262410389496 -19.199874062741177 -19.111880328799106 -19.024286533754744 -18.937098076648038 -18.850320431055334 -18.763959145759607 -18.678019845403327 -18.592508231127447 -18.50743008118958 -18.422791251561236 -18.33859767650244 -18.254855369118705 -18.171570421882716 -18.088749007141168 -18.006397377579187 -17.924521866664204 -17.843128889057006 -17.762224940977813 -17.68181660054738 -17.601910528082197 -17.52251346635116 -17.443632240783124 -17.36527375963946 -17.287445014126536 -17.210153078463843 -17.133405109893452 -17.057208348641293 -16.98157011780843 -16.906497823208962 -16.831998953142335 -16.75808107809273 -16.684751850360488 -16.612019003622425 -16.53989035241395 -16.468373791530098 -16.39747729534359 -16.32720891703809 -16.25757678775204 -16.188589115627618 -16.120254184768584 -16.052580354095056 -15.985576056095931 -15.919249795478523 -15.853610147710041 -15.788665757443502 -15.724425336832885 -15.660897663729049 -15.598091579755286 -15.536015988260564 -15.474679852146679 -15.414092191566597 -15.354262081494186 -15.295198649159625 -15.236911071352651 -15.179408571589061 -15.122700417143285 -15.066795915938075 -15.011704413302425 -14.957435288590062 -14.903997951660989 -14.851401839226392 -14.799656411061589 -14.748771146087563 -14.698755538325283 -14.649619092729896 -14.601371320899672 -14.55402173668442 -14.5075798516838 -14.462055170659665 -14.417457186861247 -14.373795377285857 -14.331079197890217 -14.289318078764337 -14.248521419297774 -14.208698583361716 -14.16985889453287 -14.132011631400166 -14.09516602299295 -14.059331244385463 -14.02451641252291 -13.990730582359147 -13.957982743370506 -13.926281816562081 -13.895636652082874 -13.866056027604657 -13.837548647647518 -13.810123144100285 -13.783788078211709 -13.758551944449792 -13.734423176705949 -13.711410157482907 -13.689521230920915 -13.668764720793368 -13.649148955044152 -13.630682299048654 -13.613373200719042 -13.597230252017736 -13.582262273725751 -13.5684784340833 -13.555888418383178 -13.544502678165413 -13.53433281070992 -13.52539216447181 -13.51769686624708 -13.511267716685348 -13.506134138020208 -13.502344118718156 -13.5 
-19.558823123354923 -19.468522477473527 -19.378594037007527 -19.28904285652 -19.199874062741177 -19.111092855343077 -19.02270450769476 -18.93471436761303 -18.847127858101 -18.75995047807296 -18.673187803067 -18.586845485937467 -18.50092925754172 -18.41544492739347 -18.330398384310552 -18.24579559703271 -18.161642614819637 -18.077945568023416 -17.994710668638383 -17.911944210811185 -17.829652571335938 -17.747842210107915 -17.66651967054203 -17.585691579958866 -17.505364649929135 -17.425545676580704 -17.346241540852915 -17.267459208718048 -17.189205731345332 -17.111488245212715 -17.034313972173297 -16.957690219456204 -16.881624379611353 -16.80612393039409 -16.731196434582504 -16.656849539725894 -16.583090977821424 -16.50992856491823 -16.43737020064248 -16.36542386764268 -16.294097630949306 -16.22339963724594 -16.153338114051238 -16.083921368807005 -16.015157787866002 -15.947055835382102 -15.879624052091673 -15.812871053989396 -15.746805530895438 -15.681436244902322 -15.616772028708905 -15.55282178383036 -15.4895944786855 -15.427099146557417 -15.365344883424724 -15.304340845658324 -15.244096247585109 -15.18462035891496 -15.12592250202677 -15.068012049115127 -15.010898419196051 -14.954591074967066 -14.899099519523453 -14.844433292935523 -14.790601968677569 -14.737615149917067 -14.685482465660085 -14.634213566764936 -14.583818121814208 -14.534305812863968 -14.485686331058346 -14.437969372134438 -14.391164631812366 -14.345281801087879 -14.300330561431068 -14.256320579912785 -14.21326150427256 -14.171162957942405 -14.130034535053142 -14.089885795448524 -14.050726259737408 -14.012565404414222 -13.975412657102238 -13.939277391958976 -13.904168925303228 -13.870096511543592 -13.83706933948379 -13.805096529113303 -13.774187129006757 -13.744350114486108 -13.71559438673313 -13.687928773098102 -13.661362028889139 -13.635902841040467 -13.611559834140834 -13.588341579470354 -13.566256607904803 -13.545313427831088 -13.525520549665922 -13.50688651917274 -13.489419962733205 -13.473129649175268 -13.45802457508021 -13.444114084269154 -13.431408038725474 -13.419917069863486 -13.409652961315862 -13.400629259787651 -13.392862311591944 -13.386373175691471 -13.381191608217039 -13.377366100221156 -13.375 
-19.472389372115618 -19.381701537629425 -19.29138402569446 -19.201441907802298 -19.111880328799106 -19.02270450769476 -18.93391973845836 -18.84553139081004 -18.757544910999442 -18.66996582257219 -18.582799727123064 -18.496052305036923 -18.4097293162087 -18.323836600754365 -18.238380079692593 -18.153365755614185 -18.068799713325635 -17.98468812046958 -17.901037228118422 -17.817853371338572 -17.735142969729434 -17.652912527928887 -17.571168636082135 -17.489917970274952 -17.409167292931254 -17.328923453171733 -17.249193387117217 -17.16998411816138 -17.091302757185098 -17.013156502723827 -16.93555264107931 -16.85849854637429 -16.78200168055072 -16.706069593299397 -16.63070992192977 -16.55593039116751 -16.481738812880575 -16.408143085729524 -16.33515119473858 -16.262771210788443 -16.19101129002004 -16.11987967314412 -16.049384684672628 -15.9795347320369 -15.910338304620295 -15.841803972680113 -15.773940386161385 -15.70675627340591 -15.640260439742912 -15.574461765964427 -15.50936920667925 -15.444991788540904 -15.381338608349237 -15.31841883102148 -15.256241687430233 -15.194816472101575 -15.134152540776594 -15.07425930782965 -15.015146243543352 -14.956822871236188 -14.89929876424243 -14.842583542745057 -14.786686870454348 -14.731618451143001 -14.677388025023998 -14.624005364985587 -14.571480272672012 -14.519822574426017 -14.469042117081617 -14.41914876362706 -14.370152388724994 -14.32206287411354 -14.27489010388516 -14.228643959658683 -14.183334315650342 -14.138971033663063 -14.09556395800728 -14.053122910371 -14.011657684663408 -13.971178041856785 -13.93169370485844 -13.893214353445714 -13.855749619312673 -13.819309081271806 -13.783902260675665 -13.749538617128866 -13.716227544573925 -13.683978367861313 -13.652800339921159 -13.622702639701442 -13.59369437105565 -13.565784562829384 -13.538982170439532 -13.513296079338332 -13.488735110855533 -13.465308031074139 -13.44302356360079 -13.421890407393775 -13.401917261248805 -13.38311285716783 -13.365486005787522 -13.349045658521263 -13.333800993400185 -13.31976153541439 -13.306937328778888 -13.29533919030323 -13.284979095526932 -13.2758707950818 -13.26803086076594 -13.261480616431575 -13.256250159975794 -13.252388495948427 -13.25 
-19.386361953950548 -19.29528541044227 -19.204577255052488 -19.114242575427532 -19.024286533754744 -18.93471436761303 -18.84553139081004 -18.756742994210782 -18.668354646562463 -18.580371895298278 -18.49280036734017 -18.40564576987574 -18.318913891131842 -18.232610601126776 -18.146741852398943 -18.06131368072284 -17.97633220580336 -17.891803631943223 -17.807734248684756 -17.724130431426378 -17.64099864201241 -17.55834542928662 -17.47617742961605 -17.394501367376193 -17.31332405540007 -17.23265239538762 -17.152493378267838 -17.072854084520916 -16.9937416844473 -16.91516343838805 -16.837126696891445 -16.759638900819617 -16.68270758140235 -16.606340360217644 -16.530544949114734 -16.45532915006563 -16.38070085493861 -16.30666804520388 -16.233238791550733 -16.160421253430535 -16.08822367850643 -16.016654402012314 -15.945721846023163 -15.875434518622718 -15.805801012970846 -15.7368300062658 -15.66853025859639 -15.600910611683243 -15.533979987499428 -15.467747386775224 -15.40222188737645 -15.33741264255315 -15.273328879060251 -15.209979895141256 -15.147375058374758 -15.085523803380115 -15.02443562937624 -14.964120097596643 -14.9045868285544 -14.845845499152729 -14.787905839644699 -14.730777630437808 -14.674470698738359 -14.618994915045791 -14.564360189482326 -14.510576467973227 -14.457653728263894 -14.405601975793468 -14.354431239408447 -14.30415156693778 -14.254773020619577 -14.206305672398049 -14.158759599089402 -14.112144877431263 -14.066471579026278 -14.021749765187577 -13.977989481714507 -13.935200753602329 -13.893393579719326 -13.852577927473641 -13.812763727498478 -13.773960868396701 -13.736179191583634 -13.69942848628128 -13.663718484723294 -13.629058857645258 -13.595459210142343 -13.562929078009065 -13.531477924673968 -13.50111513890381 -13.471850033457365 -13.443691844937545 -13.416649735149596 -13.390732794349491 -13.365950046890328 -13.342310459921963 -13.319822956018273 -13.29849643090753 -13.278339777915052 -13.259361921371683 -13.241571862196984 -13.224978740346996 -13.209591921189563 -13.195421116707644 -13.182476559120827 -13.17076925638545 -13.160311381731562 -13.151116895624103 -13.143202601548925 -13.136590095072982 -13.131309824011394 -13.127411317683329 -13.125 
-19.30074616555412 -19.209279419104725 -19.11817907418681 -19.02745023379247 -18.937098076648038 -18.847127858101 -18.757544910999442 -18.668354646562463 -18.579562555247293 -18.491174207598974 -18.403195255092996 -18.31563143096366 -18.228488551020323 -18.141772514445766 -18.05548930457586 -17.96964498966241 -17.88424572361913 -17.799297746733515 -17.71480738636875 -17.63078105762606 -17.547225263988082 -17.464146597924 -17.381551741470155 -17.299447466769664 -17.217840636572753 -17.136738204703963 -17.056147216478546 -16.976074809081528 -16.89652821189236 -16.81751474676087 -16.739041828231777 -16.66111696370617 -16.583747753550043 -16.50694189113553 -16.430707162814254 -16.355051447825417 -16.27998271812791 -16.20550903815048 -16.131638564472855 -16.058379545413967 -15.985740320530077 -15.913729320030845 -15.842355064091315 -15.771626162067761 -15.701551311609046 -15.63213929766064 -15.563398991357593 -15.495339348801778 -15.427969409719031 -15.36129829599234 -15.295335210071057 -15.2300894332434 -15.165570323778343 -15.10178731492698 -15.038749912779785 -14.976467693982967 -14.91495030329943 -14.854207451021704 -14.794248910230232 -14.735084513891236 -14.676724151796783 -14.619177767343537 -14.562455354147776 -14.506566952498071 -14.451522645639214 -14.397332555899784 -14.344006840647967 -14.291555688094483 -14.239989312929348 -14.189317951809116 -14.139551858690437 -14.090701300020031 -14.042776549790032 -13.995787884462503 -13.949745577779673 -13.904659895470717 -13.860541089871205 -13.81739939447648 -13.775245018442696 -13.734088141076596 -13.693938906330562 -13.65480741734656 -13.616703731091699 -13.579637853138733 -13.543619732644903 -13.508659257613914 -13.474766250516033 -13.4419504643869 -13.41022157951921 -13.379589200918666 -13.350062856713405 -13.321651997763588 -13.294365998783915 -13.268214161365103 -13.243205719412549 -13.219349847658517 -13.196655674134263 -13.175132297788787 -13.154788812880465 -13.135634342414905 -13.11767808387344 -13.100929371964085 -13.085397765528423 -13.071093169612826 -13.058026010457146 -13.046207493160228 -13.035649994665626 -13.026367691420868 -13.018377625049224 -13.011701669918288 -13.006370632208586 -13.00243457765925 -13.0 
-19.21554737275709 -19.123688957276144 -19.032194904011455 -18.94107033046227 -18.850320431055334 -18.75995047807296 -18.66996582257219 -18.580371895298278 -18.491174207598974 -18.402378352313065 -18.313990004664745 -18.22601492313526 -18.138458950328253 -18.051328013814384 -17.964628126962765 -17.878365389755846 -17.792545989578695 -17.707176201993004 -17.622262391485513 -17.53781101218458 -17.453828608560354 -17.370321816082768 -17.28729736185874 -17.204762065227612 -17.122722838317927 -17.041186686574378 -16.96016070923063 -16.8796520997463 -16.79966814618968 -16.720216231574643 -16.64130383414218 -16.5629385275816 -16.485127981197657 -16.407879960012224 -16.33120232479316 -16.255103032022735 -16.179590133786217 -16.10467177758249 -16.03035620605636 -15.956651756642675 -15.883566861123207 -15.81111004509135 -15.739289927315706 -15.668115219007529 -15.59759472297888 -15.527737332691698 -15.458552031196065 -15.390047889946327 -15.322234067498725 -15.255119808078108 -15.188714440020453 -15.123027374072622 -15.058068101560517 -14.993846192408473 -14.930371293017036 -14.867653123986793 -14.80570147768941 -14.744526215679876 -14.68413726595126 -14.624544620023926 -14.565758329867782 -14.507788504659423 -14.450645307367822 -14.394338951168223 -14.338879695686762 -14.284277843070601 -14.23054373388731 -14.17768774285818 -14.125720274418395 -14.074651758117627 -14.024492643858888 -13.975253396984009 -13.926944493213648 -13.87957641344837 -13.83315963844457 -13.787704643376179 -13.743221892301268 -13.699721832548802 -13.657214889045475 -13.615711458620432 -13.575221904305232 -13.53575654967285 -13.497325673260487 -13.45993950312458 -13.423608211591185 -13.388341910278157 -13.354150645469401 -13.321044393964286 -13.289033059513153 -13.25812647001803 -13.228334375684021 -13.199666448374868 -13.172132282487583 -13.145741397735659 -13.12050324436495 -13.096427211467933 -13.07352263928682 -13.051798836709304 -13.031265105596264 -13.011930774240195 -12.993805243228335 -12.976898048495027 -12.96121894875356 -12.946778048442445 -12.93358597409893 -12.921654134211003 -12.91099511571418 -12.901623317441668 -12.893556025864099 -12.886815401510123 -12.881432617679199 -12.877458288581673 -12.875 
-19.13077101104238 -19.038519489640933 -18.946630237848883 -18.855108386801817 -18.763959145759607 -18.673187803067 -18.582799727123064 -18.49280036734017 -18.403195255092996 -18.313990004664745 -18.225190314180214 -18.136801966531895 -18.048830830286704 -17.961282860585868 -17.87416410002689 -17.787480679527402 -17.70123881917222 -17.615444829033958 -17.530105109982 -17.445226154451937 -17.360814547203113 -17.27687696603285 -17.19342018247034 -17.110451062432542 -17.02797656684005 -16.946003752202728 -16.864539771152945 -16.783591872943198 -16.70316740389165 -16.623273807779086 -16.543918626190774 -16.4651094988042 -16.386854163611986 -16.30916045708974 -16.232036314285832 -16.155489768849986 -16.079528952982898 -16.004162097308907 -15.929397530665895 -15.855243679809757 -15.781709069027897 -15.708802319660835 -15.636532149521113 -15.56490737221385 -15.493936896345913 -15.423629724627105 -15.353994952852881 -15.285041768767552 -15.216779450802544 -15.149217366684592 -15.082364971910966 -15.016231808084775 -14.950827501110535 -14.886161759237979 -14.822244370960222 -14.7590852027533 -14.69669419665708 -14.635081367693779 -14.574256801121026 -14.514230649513818 -14.455013129676807 -14.396614519378364 -14.339045153911204 -14.282315422472637 -14.226435764366341 -14.171416665022615 -14.117268651842135 -14.064002289857562 -14.011628177221343 -13.960156940519992 -13.90959922991699 -13.859965714135713 -13.811267075281997 -13.763514003520367 -13.716717191616167 -13.67088732934758 -13.626035097817056 -13.582171163669138 -13.539306173239545 -13.497450746668747 -13.456615472001971 -13.41681089931879 -13.37804753493447 -13.34033583572459 -13.303686203637392 -13.268108980467623 -13.233614442977089 -13.200212798482681 -13.167914181027019 -13.136728648311413 -13.106666179577653 -13.07773667469806 -13.049949954788442 -13.023315764739579 -12.997843778199472 -12.973543605672711 -12.950424806643046 -12.928496906932805 -12.907769422955184 -12.888251895180046 -12.869953934126556 -12.852885283703207 -12.83705590917162 -12.822476120965357 -12.809156752463133 -12.797109422060409 -12.786346933228204 -12.776883913857143 -12.76873790224704 -12.761931352735983 -12.756495814821996 -12.752482463650294 -12.75 
-19.046422586047143 -18.953776552442903 -18.86149064200131 -18.769569998593408 -18.678019845403327 -18.586845485937467 -18.496052305036923 -18.40564576987574 -18.31563143096366 -18.22601492313526 -18.136801966531895 -18.047998367575733 -17.959610019927414 -17.87164290543985 -17.78410309508873 -17.696996749891767 -17.61033012180887 -17.52410955462106 -17.438341484790673 -17.35303244229382 -17.26818905142987 -17.183818031601707 -17.09992619806442 -17.01652046264242 -16.93360783441001 -16.851195420335493 -16.76929042587791 -16.687900155549368 -16.60703201342513 -16.526693503600875 -16.446892230604718 -16.367635899742833 -16.28893231739381 -16.21078939123844 -16.133215130413504 -16.05621764560859 -15.979805149075025 -15.903985954566915 -15.82876847719133 -15.754161233177411 -15.680172839549416 -15.606812013709652 -15.53408757291665 -15.46200843366219 -15.390583610936783 -15.319822217384226 -15.249733462337593 -15.180326650728023 -15.111611181872876 -15.043596548125691 -14.97629233339196 -14.90970821150089 -14.8438539444337 -14.778739380397534 -14.714374451745345 -14.650769172738213 -14.58793363713675 -14.525878015633374 -14.464612553103839 -14.404147565689271 -14.34449343769734 -14.285660618321883 -14.227659618176451 -14.170501005647896 -14.11419540305435 -14.058753482622087 -14.004185962269986 -13.950503601206139 -13.897717195343349 -13.84583757252574 -13.79487558757976 -13.744842117190041 -13.695748054608568 -13.64760430420441 -13.600421775866128 -13.55421137926907 -13.508984018022645 -13.464750583720287 -13.421521949904806 -13.379308965985706 -13.338122451137542 -13.297973188209916 -13.258871917702441 -13.220829331851816 -13.1838560688986 -13.147962707602618 -13.113159762100661 -13.07945767722293 -13.046866824388228 -13.015397498256402 -12.985059914330096 -12.955864207763529 -12.927820433703431 -12.900938569553194 -12.875228519707399 -12.850700123422229 -12.82736316674563 -12.805227399722249 -12.784302560560587 -12.764598409094015 -12.74612477288894 -12.728891610873037 -12.71290910181885 -12.698187769046669 -12.684738659606177 -12.6725736086002 -12.661705642860984 -12.652149626290297 -12.64392335628468 -12.637049588944834 -12.631560259384827 -12.627507116584484 -12.625 
-18.962507674038147 -18.869465754001602 -18.7767817563081 -18.684460836626375 -18.592508231127447 -18.50092925754172 -18.4097293162087 -18.318913891131842 -18.228488551020323 -18.138458950328253 -18.048830830286704 -17.959610019927414 -17.870802437093865 -17.782414089445545 -17.694451075443453 -17.60691958532264 -17.519825902051824 -17.433176402264323 -17.346977557182065 -17.261235933500608 -17.17595819426668 -17.091151099712835 -17.006821508071397 -16.922976376353017 -16.83962276109379 -16.75676781905854 -16.674418807909277 -16.592583086829215 -16.511268117100762 -16.43048146262848 -16.35023079042175 -16.27052387100477 -16.191368578782832 -16.112772892334117 -16.034744894638518 -15.957292773238064 -15.880424820316557 -15.804149432705799 -15.728475111804647 -15.653410463411825 -15.578964197467405 -15.50514512769778 -15.431962171158505 -15.359424347670881 -15.287540779150163 -15.216320688815928 -15.145773400283879 -15.075908336529592 -15.006735018726733 -14.93826306494482 -14.870502188709116 -14.803462197415639 -14.73715299059402 -14.671584558015928 -14.606766977644392 -14.542710413418352 -14.479425112864286 -14.416921404539767 -14.355209695294251 -14.294300467350178 -14.23420427520023 -14.174931742312857 -14.116493557646297 -14.058900471972503 -14.002163294001601 -13.94629288631142 -13.891300161078394 -13.837196075612493 -13.783991627697578 -13.731697850735468 -13.680325808702678 -13.629886590923405 -13.58039130666112 -13.531851079542923 -13.484277041821537 -13.437680328494016 -13.392072071285904 -13.347463392525281 -13.30386539892399 -13.261289175295214 -13.219745778239666 -13.179246229836277 -13.139801511379998 -13.101422557225785 -13.064120248799348 -13.027905408847577 -12.992788796021605 -12.958781099911857 -12.925892936656844 -12.894134845302375 -12.863517285108426 -12.834050634068307 -12.805745188957225 -12.778611167320639 -12.752658711941661 -12.727897898470756 -12.704338747144128 -12.681991239825626 -12.660865344069522 -12.640971046566753 -12.622318399357754 -12.604917583737043 -12.588778999259404 -12.573913389324835 -12.560332021785163 -12.548046955547077 -12.537071447925273 -12.527420606083528 -12.519112494086732 -12.512170178067773 -12.506625988532532 -12.502532261647858 -12.5 
-18.87903192237428 -18.785592775207895 -18.6925092946782 -18.599786647277405 -18.50743008118958 -18.41544492739347 -18.323836600754365 -18.232610601126776 -18.141772514445766 -18.051328013814384 -17.961282860585868 -17.87164290543985 -17.782414089445545 -17.693602445120646 -17.605214097472327 -17.517255265026435 -17.429732260841188 -17.342651493502682 -17.256019468104828 -17.169842787197698 -17.084128151724567 -16.99888236192127 -16.914112318196473 -16.82982502197098 -16.746027576493567 -16.662727187611676 -16.579931164508043 -16.49764692039078 -16.41588197314166 -16.334643945912592 -16.253940567672544 -16.173779673694426 -16.094169205988955 -16.015117213668237 -15.936631853249926 -15.858721388883078 -15.781394192505141 -15.704658743915285 -15.628523630767091 -15.552997548470806 -15.478089300003461 -15.403807795622498 -15.330162052476474 -15.257161194107818 -15.184814449843936 -15.113131154072045 -15.042120745389605 -14.971792765628278 -14.902156858744712 -14.833222769572963 -14.765000342434556 -14.697499519596407 -14.630730339578015 -14.564702935297785 -14.499427532054497 -14.434914445340683 -14.371174078478097 -14.308216920078456 -14.246053541315785 -14.184694593013566 -14.124150802538013 -14.064432970496725 -14.005551967236723 -13.947518729142507 -13.89034425472609 -13.834039600518022 -13.778615876744247 -13.724084242800728 -13.670455902522429 -13.617742099246346 -13.565954110674653 -13.515103243543122 -13.465200828099439 -13.416258212397588 -13.368286756421845 -13.321297826052811 -13.275302786885984 -13.230312997929415 -13.186339805194184 -13.143394535209067 -13.101488488489442 -13.060632933002028 -13.020839097659968 -12.982118165914647 -12.944481269502319 -12.907939482420044 -12.872503815224809 -12.838185209775677 -12.804994534543662 -12.772942580665628 -12.74204005894457 -12.712297598060584 -12.683725744318679 -12.656334963340523 -12.630135644251247 -12.60513810705356 -12.581352614118343 -12.558789387045243 -12.537458630609825 -12.517370566179013 -12.498535478016727 -12.480963777458175 -12.464666092431603 -12.449653393929056 -12.435937178051375 -12.42352973492097 -12.412444559768044 -12.402697010581141 -12.394305425984456 -12.387293190746513 -12.381693040915945 -12.37755791367607 -12.375 
-18.796001049942127 -18.702163370006225 -18.608679045609772 -18.515553253065416 -18.422791251561236 -18.330398384310552 -18.238380079692593 -18.146741852398943 -18.05548930457586 -17.964628126962765 -17.87416410002689 -17.78410309508873 -17.694451075443453 -17.605214097472327 -17.51639831174298 -17.42800996409466 -17.340055396712685 -17.252541049183776 -17.16547345953459 -17.07885926525138 -16.992705204272365 -16.907018115956394 -16.821804942028383 -16.73707272749013 -16.652828621498227 -16.56907987820979 -16.485833857585547 -16.40309802615412 -16.320879957731517 -16.239187334090204 -16.15802794558014 -16.077409691689333 -15.99734058155267 -15.917828734391652 -15.838882379889993 -15.760509858499292 -15.682719621668895 -15.605520231994355 -15.528920363285915 -15.452928800544585 -15.377554439846016 -15.302806288126932 -15.228693462866737 -15.155225191663162 -15.082410811689522 -15.01025976903857 -14.938781617936913 -14.867986019833229 -14.797882742348985 -14.728481658086986 -14.659792743297864 -14.5918260763876 -14.524591836272187 -14.458100300567223 -14.392361843607217 -14.327386934292136 -14.263186133751855 -14.199770092827531 -14.137149549363254 -14.075335325300223 -14.014338323573968 -13.954169524807984 -13.894839983801138 -13.836360825801167 -13.778743242569083 -13.721998488228564 -13.66613787489708 -13.611172768100367 -13.557114581971863 -13.503974774237271 -13.451764840986037 -13.400496311235786 -13.35018074129606 -13.300829708935334 -13.252454807363181 -13.205067639043905 -13.158679809348735 -13.113302920069934 -13.068948562821086 -13.025628312341972 -12.983353719747406 -12.942136305755676 -12.901987553939165 -12.862918904052242 -12.824941745507747 -12.788067411066706 -12.7523071708455 -12.717672226750365 -12.684173707479092 -12.651822664255112 -12.620630067508042 -12.590606804761899 -12.561763680063486 -12.534111415366814 -12.50766065442027 -12.482421969867847 -12.458405874494597 -12.435622837893655 -12.414083310276235 -12.393797755844366 -12.374776699178774 -12.357030789667187 -12.340570891542727 -12.325408211237336 -12.311554480882632 -12.29902222955742 -12.287825198171157 -12.277979003429326 -12.269502266741796 -12.262418700469741 -12.256761456748 -12.252584088105756 -12.25 
-18.713420847567832 -18.619183365836626 -18.525296872678176 -18.4317665531843 -18.33859767650244 -18.24579559703271 -18.153365755614185 -18.06131368072284 -17.96964498966241 -17.878365389755846 -17.787480679527402 -17.696996749891767 -17.60691958532264 -17.517255265026435 -17.42800996409466 -17.339189954656412 -17.250801607008093 -17.162851390733994 -17.075345875806434 -16.988291733670415 -16.901695738302756 -16.81556476725209 -16.72990580264476 -16.644725932171152 -16.560032350034593 -16.475832357867038 -16.392133365605655 -16.308942892333796 -16.22626856707162 -16.1441181295256 -16.062499430781774 -15.981420433947232 -15.900889214735157 -15.820913961984129 -15.741502978110908 -15.662664679497574 -15.584407596799597 -15.506740375171967 -15.429671774418784 -15.35321066904746 -15.277366048230066 -15.202147015667824 -15.127562789348096 -15.053622701196316 -14.980336196606745 -14.90771283385722 -14.835762283396498 -14.764494326998053 -14.693918856776516 -14.62404587406156 -14.554885488119359 -14.486447914721436 -14.418743474548394 -14.351782591428579 -14.285575790400722 -14.220133695600026 -14.155467027955554 -14.09158660269961 -14.028503326679406 -13.966228195466886 -13.90477229026452 -13.844146774597553 -13.7843628907928 -13.725431956238333 -13.667365359419726 -13.610174555735686 -13.553871063083443 -13.49846645721891 -13.443972366888541 -13.390400468736878 -13.33776248198719 -13.286070162905707 -13.235335299049135 -13.185569703305104 -13.136785207732942 -13.088993657221614 -13.042206902973888 -12.996436795837635 -12.951695179507402 -12.907993883618849 -12.86534471676954 -12.823759459508091 -12.783249857329842 -12.743827613737379 -12.705504383432357 -12.668291765715765 -12.632201298185016 -12.59724445085681 -12.563432620841898 -12.530777127748648 -12.49928921002744 -12.468980022523734 -12.439860635568667 -12.411942036038859 -12.38523513092931 -12.35975075416072 -12.335499677567036 -12.312492627343971 -12.290740307712705 -12.270253434229074 -12.251042780241168 -12.233119241562534 -12.21649392701685 -12.201178286680973 -12.187184296848564 -12.174524733646235 -12.163213591773081 -12.153266754892536 -12.144703135779721 -12.137546783717132 -12.131831277882917 -12.127610801005417 -12.125 
-18.63129717840255 -18.53665866406549 -18.442368715003493 -18.34843252401234 -18.254855369118705 -18.161642614819637 -18.068799713325635 -17.97633220580336 -17.88424572361913 -17.792545989578695 -17.70123881917222 -17.61033012180887 -17.519825902051824 -17.429732260841188 -17.340055396712685 -17.250801607008093 -17.16197728906981 -17.07358894142149 -16.98564316493885 -16.8981466639971 -16.811106247599703 -16.72452883048853 -16.63842143421942 -16.55279118822314 -16.46764533082282 -16.38299121023078 -16.2988362854973 -16.215188127427883 -16.132054419455965 -16.049442958464905 -15.967361655569336 -15.88581853683094 -15.804821743927823 -15.724379534755702 -15.644500283963678 -15.565192483423429 -15.486464742620559 -15.408325788966224 -15.330784468026977 -15.25384974366382 -15.177530698076128 -15.101836531747516 -15.026776563284736 -14.952360229149525 -14.878597083267824 -14.805496796522622 -14.733069156115347 -14.661324064795267 -14.590271539944334 -14.519921712521805 -14.45028482584884 -14.381371234240444 -14.313191401466913 -14.245755899045525 -14.179075404353846 -14.113160698559657 -14.048022664356978 -13.983672283508323 -13.920120634184075 -13.857378888092844 -13.79545830739798 -13.734370241416748 -13.674126123094837 -13.614737465255821 -13.556215856613882 -13.49857295756113 -13.441820495708997 -13.385970261198556 -13.331034101768234 -13.277023917585646 -13.223951655841091 -13.171829305111626 -13.120668889494429 -13.070482462519239 -13.021282100849668 -12.973079897784121 -12.925887956568873 -12.879718383544922 -12.834583281146916 -12.790494740783373 -12.747464835625566 -12.705505613349418 -12.664629088869516 -12.62484723712435 -12.58617198597648 -12.548615209308906 -12.512188720407114 -12.476904265752099 -12.44277351935853 -12.409808077832661 -12.37801945636702 -12.34741908593893 -12.318018312050524 -12.28982839544332 -12.262860515339556 -12.237125775938342 -12.212635217123461 -12.189399830679763 -12.167430583786063 -12.146738452249753 -12.127334467015288 -12.109229779071756 -12.092435750498291 -12.076964083594056 -12.062827007317393 -12.050037553304314 -12.038609978518878 -12.028560442190544 -12.0199081574146 -12.012677520112884 -12.006902547900685 -12.002638069107121 -12.0 
