<?xml version="1.0" encoding="UTF-8" standalone="yes"?>
<output>
    <algorithm>eFastMarching</algorithm>
    <cellsize>100.0cm</cellsize>
    <deviation>0.11686</deviation>
    <distanceMap>-20.716962581051693 -20.009855799865147 -19.325110932425606 -18.66497343228164 -18.03194431535083 -17.428808441042783 -16.85866510638726 -16.324961260639505 -15.831528344187538 -15.382625634470118 -14.982997961167952 -14.637969479025305 -14.353638188734033 -14.137401133405376 -14.0 
-20.009855799865147 -19.28107293335744 -18.573966152170893 -17.890845447309076 -17.234305852685768 -16.607263203123573 -16.012993654206234 -15.45517740417762 -14.93794770585183 -14.465948088802602 -14.044405745927273 -13.6792433881311 -13.377297297496378 -13.146885647136298 -13.0 
-19.325110932425606 -18.573966152170893 -17.843660666371235 -17.13655388518469 -16.455320926239903 -15.80299726251091 -15.183029178337563 -14.599330782889746 -14.056348952730332 -13.55913936963239 -13.113461895607204 -12.725918386701707 -12.40420404843012 -12.15773216730351 -12.0 
-18.66497343228164 -17.890845447309076 -17.13655388518469 -16.404487183546603 -15.697380402360055 -15.01837023353067 -14.37105862274359 -13.759586338361045 -13.188718483881017 -12.663945765350903 -12.191610482034918 -11.779081608502635 -11.435054105534864 -11.17025023663456 -11.0 
-18.03194431535083 -17.234305852685768 -16.455320926239903 -15.697380402360055 -14.96325153722373 -14.256144756037182 -13.579792772708332 -12.938544382842753 -12.337476101309242 -11.782526807003176 -11.280665956554785 -10.840122036848058 -10.470751813193187 -10.184849375600875 -10.0 
-17.428808441042783 -16.607263203123573 -15.80299726251091 -15.01837023353067 -14.256144756037182 -13.519566182735492 -12.812459401548944 -12.13934670958893 -11.505591926228872 -10.917578434678463 -10.382934897267287 -9.910839712752146 -9.512493081858725 -9.202082511924672 -9.0 
-16.85866510638726 -16.012993654206234 -15.183029178337563 -14.37105862274359 -13.579792772708332 -12.812459401548944 -12.072919474349366 -11.365812693162818 -10.696740806581586 -10.072500753098572 -9.501387316726344 -8.993604758307079 -8.561890495036451 -8.222714012138107 -8.0 
-16.324961260639505 -15.45517740417762 -14.599330782889746 -13.759586338361045 -12.938544382842753 -12.13934670958893 -11.365812693162818 -10.622615000360572 -9.915508219174024 -9.251629604382112 -8.639902045021001 -8.09159433991453 -7.62116773383169 -7.24783018890718 -7.0 
-15.831528344187538 -14.93794770585183 -14.056348952730332 -13.188718483881017 -12.337476101309242 -11.505591926228872 -10.696740806581586 -9.915508219174024 -9.16766787202634 -8.460561090839793 -7.803625379962799 -7.209155215504603 -6.693472160084702 -6.279026701368952 -6.0 
-15.382625634470118 -14.465948088802602 -13.55913936963239 -12.663945765350903 -11.782526807003176 -10.917578434678463 -10.072500753098572 -9.251629604382112 -8.460561090839793 -7.7066144934109415 -6.999507712224394 -6.35237578860828 -5.783398008298223 -5.318743357806675 -5.0 
-14.982997961167952 -14.044405745927273 -13.113461895607204 -12.191610482034918 -11.280665956554785 -10.382934897267287 -9.501387316726344 -8.639902045021001 -7.803625379962799 -6.999507712224394 -6.2371296738228965 -5.530022892636349 -4.897906023141617 -4.370902299477738 -4.0 
-14.637969479025305 -13.6792433881311 -12.725918386701707 -11.779081608502635 -10.840122036848058 -9.910839712752146 -8.993604758307079 -8.09159433991453 -7.209155215504603 -6.35237578860828 -5.530022892636349 -4.755149829934991 -4.048043048748443 -3.4422304068040503 -3.0 
-14.353638188734033 -13.377297297496378 -12.40420404843012 -11.435054105534864 -10.470751813193187 -9.512493081858725 -8.561890495036451 -7.62116773383169 -6.693472160084702 -5.783398008298223 -4.897906023141617 -4.048043048748443 -3.2524357066126695 -2.545328925426122 -2.0 
-14.137401133405376 -13.146885647136298 -12.15773216730351 -11.17025023663456 -10.184849375600875 -9.202082511924672 -8.222714012138107 -7.24783018890718 -6.279026701368952 -5.318743357806675 -4.370902299477738 -3.4422304068040503 -2.545328925426122 -1.7071067811865475 -1.0 
-14.0 -13.0 -12.0 -11.0 -10.0 -9.0 -8.0 -7.0 -6.0 -5.0 -4.0 -3.0 -2.0 -1.0 -0.0 
</distanceMap>
    <fieldHeight>15</fieldHeight>
    <fieldWidth>15</fieldWidth>
    <fieldmap>000000000000000
000000000000000
000000000000000
000000000000000
000000000000000
000000000000000
000000000000000
000000000000000
000000000000000
000000000000000
000000000000000
000000000000000
000000000000000
000000000000000
000000000000000
</fieldmap>
    <freeFlowVelocity>1.2174634915453046</freeFlowVelocity>
    <name>output</name>
    <targets>
        <x>14</x>
        <y>14</y>
    </targets>
</output>
