<?xml version="1.0" encoding="UTF-8" standalone="yes"?>
<output>
    <algorithm>eFastMarching</algorithm>
    <cellsize>40.0cm</cellsize>
    <deviation>1.44</deviation>
    <distanceMap>-4.1531739589069145 -3.9643358851008585 -3.8049972327434904 -3.680833004769869 -3.6 -3.6 -3.680833004769869 -3.8049972327434904 -3.9643358851008585 -4.16922450688164 -4.412973921746716 -4.687045221544245 -4.984397130184874 -5.299690371796038 -5.62894915147468 -5.969208595849806 -6.318238912376938 -6.674344598387815 -7.0362212225209255 -7.402853470852428 -7.773442156752505 -8.147351494539384 -8.524070613647876 -8.903185161108873 -9.284356120203844 -9.66730384435599 -10.05179589971964 -10.437637718051002 -10.82466534399229 -11.212739758331722 -11.601742398086682 -11.991571593475559 -12.382139713205271 -12.773370861298979 -13.165199006637236 -13.557566454420598 -13.950422589655318 -14.343722838453491 -14.737427804814494 -15.131502549614755 -15.525915985478528 -15.920640366582209 -16.31565085662262 -16.710925161455116 -17.106443215482283 -17.502186912915235 -17.89813987665163 -18.29428725882067 -18.690615568081736 -19.087112519617268 -19.483766904437466 -19.88056847517941 -20.277507846040688 -20.674576404857916 -21.071766235660032 -21.46907005027512 -21.866481127789484 -22.263993260831366 -22.661600707806038 -22.763398940964123 
-3.8005549266905376 -3.5974419033228315 -3.4247561980145806 -3.2890856048552433 -3.2 -3.2 -3.2890856048552433 -3.4247561980145806 -3.5974419033228315 -3.8256831663347293 -4.0958206106289845 -4.395695049710942 -4.716849298147722 -5.053539662281879 -5.40181778859294 -5.758914728812449 -6.12284741270266 -6.492166826992047 -6.865794379253689 -7.242913499352557 -7.622896396656614 -8.005253615893016 -8.389598663791642 -8.77562278458891 -9.16307669102229 -9.551757141388228 -9.941496945226708 -10.332157429718457 -10.723622695777536 -11.115795192031939 -11.508592270530798 -11.901943481689159 -12.295788431507829 -12.690075070521186 -13.08475831717675 -13.479798942437776 -13.875162660022324 -14.27081937971926 -14.666742590924002 -15.06290885084745 -15.459297357377697 -15.855889590815966 -16.252669011951706 -16.649620806477575 -17.046731667701433 -17.443989611069497 -17.841383815227537 -18.238904485318418 -18.63654273499308 -19.034290484225036 -19.43214037053266 -19.83008567160519 -20.228120237671757 -20.626238432218415 -21.024435079880448 -21.42270542052106 -21.8210450686633 -22.219449977561162 -22.30878023381503 -22.367520263221977 
-3.4559608180084007 -3.236637735965812 -3.0484670935326763 -2.8991320755628722 -2.8000000000000003 -2.8000000000000003 -2.8991320755628722 -3.0484670935326763 -3.236637735965812 -3.4971927922615538 -3.800819320478992 -4.130977613969957 -4.478396055957554 -4.837577631593123 -5.205088668396512 -5.578687718389823 -5.9568564442842735 -6.33853359416483 -6.722957226555349 -7.109567448582948 -7.4979444148539365 -7.887767629929683 -8.278788537197675 -8.670811629826177 -9.063681166024903 -9.457271653066556 -9.851480917187809 -10.24622498033698 -10.641434220494881 -11.037050457721362 -11.433024717158087 -11.829315493418466 -12.225887390726477 -12.622710047730775 -13.019757280189857 -13.417006391976187 -13.814437617266288 -14.212033665819085 -14.609779349888942 -15.007661276255488 -15.405667590544391 -15.803787763818193 -16.202012413535357 -16.600333152619484 -16.99874246164239 -17.397233580111738 -17.795800413625468 -18.194437454267895 -18.593139712103273 -18.991902656008143 -19.390722162399342 -19.789594470656006 -20.188516144244655 -20.5874840367142 -20.98649526186628 -21.38554716752114 -21.784637312378024 -21.863127952558212 -21.911573498317768 -21.97185675853015 
-3.12145015198512 -2.8836620862018414 -2.677388864033881 -2.511610680547581 -2.4000000000000004 -2.4000000000000004 -2.511610680547581 -2.677388864033881 -2.8836620862018414 -3.1936947483819877 -3.5404139991765753 -3.9051557788008946 -4.280152705080634 -4.661541851923323 -5.047178447613628 -5.4357760329190725 -5.826516831137061 -6.218856723972454 -6.612420034354378 -7.006939303204712 -7.402219120024643 -7.798113511295793 -8.194511315605622 -8.591326443495744 -8.988491223033767 -9.385951750442455 -9.783664576377044 -10.181594301797567 -10.579711805653698 -10.977992919313975 -11.376417422013706 -11.774968270389707 -12.173631001016162 -12.572393262379927 -12.971244444810052 -13.370175385313585 -13.769178130255103 -14.1682457431085 -14.567372147627157 -14.966551999067102 -15.3657805777932 -15.765053700869217 -16.16436764819258 -16.56371910046084 -16.963105086826186 -17.36252294051755 -17.76197026105723 -18.161444881957507 -18.56094484299401 -18.960468366318864 -19.360013835810424 -19.759579779156315 -20.159164852261657 -20.558767825637418 -20.9583875724807 -21.358023058210534 -21.42777987142488 -21.464748865891025 -21.514518049927894 -21.576425438907908 
-2.7998030848897577 -2.5409503154433124 -2.313359203319289 -2.1274973431226702 -2.0 -2.0 -2.1274973431226702 -2.313359203319289 -2.5409503154433124 -2.9409503154433123 -3.3409503154433127 -3.7409503154433126 -4.1409503154433125 -4.540950315443313 -4.940950315443313 -5.340950315443313 -5.740950315443313 -6.1409503154433125 -6.540950315443313 -6.940950315443313 -7.340950315443313 -7.740950315443313 -8.140950315443312 -8.540950315443313 -8.940950315443313 -9.340950315443314 -9.740950315443314 -10.140950315443312 -10.540950315443313 -10.940950315443313 -11.340950315443314 -11.740950315443314 -12.140950315443312 -12.540950315443313 -12.940950315443315 -13.340950315443315 -13.740950315443314 -14.140950315443314 -14.540950315443315 -14.940950315443315 -15.340950315443315 -15.740950315443314 -16.140950315443316 -16.540950315443315 -16.940950315443313 -17.340950315443315 -17.740950315443314 -18.140950315443316 -18.540950315443315 -18.940950315443313 -19.340950315443315 -19.740950315443314 -20.140950315443316 -20.540950315443315 -20.940950315443317 -21.00479224651976 -21.028440956339573 -21.0664609129623 -21.117626341371942 -21.181245131719255 
-2.4948518695291586 -2.2120091570545397 -1.959162409256647 -1.7483609197910952 -1.6 -1.6 -1.7483609197910952 -1.959162409256647 -2.2120091570545397 -1.7976931348623157E308 -1.7976931348623157E308 -1.7976931348623157E308 -1.7976931348623157E308 -1.7976931348623157E308 -1.7976931348623157E308 -1.7976931348623157E308 -1.7976931348623157E308 -1.7976931348623157E308 -1.7976931348623157E308 -1.7976931348623157E308 -1.7976931348623157E308 -1.7976931348623157E308 -1.7976931348623157E308 -1.7976931348623157E308 -1.7976931348623157E308 -1.7976931348623157E308 -1.7976931348623157E308 -1.7976931348623157E308 -1.7976931348623157E308 -1.7976931348623157E308 -1.7976931348623157E308 -1.7976931348623157E308 -1.7976931348623157E308 -1.7976931348623157E308 -1.7976931348623157E308 -1.7976931348623157E308 -1.7976931348623157E308 -1.7976931348623157E308 -1.7976931348623157E308 -1.7976931348623157E308 -1.7976931348623157E308 -1.7976931348623157E308 -1.7976931348623157E308 -1.7976931348623157E308 -1.7976931348623157E308 -1.7976931348623157E308 -1.7976931348623157E308 -1.7976931348623157E308 -1.7976931348623157E308 -1.7976931348623157E308 -1.7976931348623157E308 -1.7976931348623157E308 -1.7976931348623157E308 -1.7976931348623157E308 -1.7976931348623157E308 -20.60479224651976 -20.629140645140374 -20.668271908972436 -20.72091221390022 -20.786336725231347 
-2.2120091570545397 -1.9020599319739966 -1.6192172194993775 -1.3768921627216202 -1.2000000000000002 -1.2000000000000002 -1.3768921627216202 -1.6192172194993775 -1.9020599319739966 -1.7976931348623157E308 -1.7976931348623157E308 -1.7976931348623157E308 -1.7976931348623157E308 -1.7976931348623157E308 -1.7976931348623157E308 -1.7976931348623157E308 -1.7976931348623157E308 -1.7976931348623157E308 -1.7976931348623157E308 -1.7976931348623157E308 -1.7976931348623157E308 -1.7976931348623157E308 -1.7976931348623157E308 -1.7976931348623157E308 -1.7976931348623157E308 -1.7976931348623157E308 -1.7976931348623157E308 -1.7976931348623157E308 -1.7976931348623157E308 -1.7976931348623157E308 -1.7976931348623157E308 -1.7976931348623157E308 -1.7976931348623157E308 -1.7976931348623157E308 -1.7976931348623157E308 -1.7976931348623157E308 -1.7976931348623157E308 -1.7976931348623157E308 -1.7976931348623157E308 -1.7976931348623157E308 -1.7976931348623157E308 -1.7976931348623157E308 -1.7976931348623157E308 -1.7976931348623157E308 -1.7976931348623157E308 -1.7976931348623157E308 -1.7976931348623157E308 -1.7976931348623157E308 -1.7976931348623157E308 -1.7976931348623157E308 -1.7976931348623157E308 -1.7976931348623157E308 -1.7976931348623157E308 -1.7976931348623157E308 -1.7976931348623157E308 -20.20479224651976 -20.22988238851371 -20.270190580358683 -20.32439109428975 -20.391723454652336 
-1.959162409256647 -1.6192172194993775 -1.3009742826450679 -1.0181315701704488 -0.8 -0.8 -1.0181315701704488 -1.3009742826450679 -1.6192172194993775 -1.7976931348623157E308 -1.7976931348623157E308 -3.6 -3.7768921627216203 -4.019217219499371 -4.30205993197399 -4.612009157054529 -4.940950315443303 -5.283662086201847 -5.636637735965813 -5.997441903322818 -6.364335885100837 -6.736048814739232 -7.111632643401055 -7.490367354680664 -7.871697355252417 -8.255187791610096 -8.640493931916307 -9.027339309565702 -9.415499861952139 -9.804792246519739 -10.195065115718554 -10.586192519566149 -10.978068859290406 -11.37060498618731 -11.763725156002007 -12.157364629406715 -12.55146776537352 -12.945986494125615 -13.340879084989304 -13.73610914525517 -13.867012491335798 -13.96213060610466 -14.070015060328059 -14.190193073443329 -14.322190725486491 -14.465535577267275 -14.619759376861314 -14.784400549897525 -14.959006363872584 -15.143134738013323 -15.336355706615548 -15.538252560427749 -15.748422697831288 -1.7976931348623157E308 -1.7976931348623157E308 -19.80479224651976 -19.83067005807425 -19.872226700502328 -19.928080226043875 -19.997431236560356 
-1.7483609197910952 -1.3768921627216202 -1.0181315701704488 -0.682842712474619 -0.4 -0.4 -0.682842712474619 -1.0181315701704488 -1.3768921627216202 -1.7976931348623157E308 -1.7976931348623157E308 -3.2 -3.418131570170448 -3.700974282645067 -4.019217219499371 -4.359162409256643 -4.713359203319281 -5.07738886403388 -5.448467093532655 -5.82475619801456 -6.2049972327434695 -6.5883007252772785 -6.9740216422139385 -7.361681619372049 -7.750918918998558 -8.141455275493641 -8.533073364787278 -8.925601146660593 -9.318900764797702 -9.712860536443069 -10.107389078129444 -10.502410934719336 -10.897863283646993 -11.293693419562118 -11.689856813087843 -12.086315597199059 -12.483037375771252 -12.87999427743447 -13.27716219805192 -13.39098360390695 -13.475482977663175 -13.57360448826587 -13.684838549444008 -13.808673421048269 -13.944597531883668 -14.092102513026774 -14.250686186777452 -14.419855238391108 -14.599127481849573 -14.788033707549928 -14.986119133293437 -15.192944494462445 -15.408086814704445 -1.7976931348623157E308 -1.7976931348623157E308 -19.40479224651976 -19.43150801219673 -19.47439125025935 -19.531998941855274 -19.603489061437532 
-1.6 -1.2000000000000002 -0.8 -0.4 -0.0 -0.0 -0.4 -0.8 -1.2000000000000002 -1.7976931348623157E308 -1.7976931348623157E308 -2.8000000000000003 -3.082842712474619 -3.418131570170448 -3.7768921627216203 -4.148360919791092 -4.527497343122658 -4.911610680547578 -5.299132075562863 -5.6890856048552365 -6.080833004769876 -6.473939750240358 -6.868100094653798 -7.263092866921392 -7.658754258854514 -8.05496045336218 -8.451616185005483 -8.848647001498604 -9.245993903850394 -9.643609555763334 -10.041455552554112 -10.439500420365494 -10.837718128168031 -11.236086965918604 -11.634588688185467 -12.033207852932495 -12.431931305618123 -12.830747772767864 -12.904641179768966 -12.997222039402306 -13.084510017172457 -13.185825982985927 -13.300615979006132 -13.42832499581839 -13.568399929427612 -13.720293044968413 -13.883465247260563 -14.057388919988732 -14.241550269592768 -14.43545118119383 -14.638610623889747 -14.850565654611968 -15.070872072973117 -1.7976931348623157E308 -1.7976931348623157E308 -19.00479224651976 -19.032401174540222 -19.076696608739883 -19.13616898610531 -19.209929456292304 
-1.6 -1.2000000000000002 -0.8 -0.4 -0.0 -0.0 -0.4 -0.8 -1.2000000000000002 -1.6 -2.0 -2.4000000000000004 -2.8000000000000003 -3.2 -3.6 -4.0 -4.4 -4.800000000000001 -5.2 -5.6000000000000005 -6.0 -6.4 -6.800000000000001 -7.2 -7.6000000000000005 -8.0 -8.4 -8.8 -9.200000000000001 -9.600000000000001 -10.0 -10.4 -10.8 -11.200000000000001 -11.600000000000001 -12.0 -12.4 -12.431931305618123 -12.511525720391253 -12.603885510131228 -12.694150171726239 -12.798869816125574 -12.917440749100022 -13.049259820650855 -13.19372805568426 -13.350254558522344 -13.518260055075126 -13.697179875037381 -13.886466339638119 -14.08559058541276 -14.29404388021949 -14.511338496277794 -14.737008205463102 -1.7976931348623157E308 -1.7976931348623157E308 -18.60479224651976 -18.633355128207825 -18.679156781163943 -18.740614898361805 -18.8167890322225 
-1.6 -1.2000000000000002 -0.8 -0.4 -0.0 -0.0 -0.4 -0.8 -1.2000000000000002 -1.6 -2.0 -2.4000000000000004 -2.8000000000000003 -3.2 -3.6 -4.0 -4.4 -4.800000000000001 -5.2 -5.6000000000000005 -6.0 -6.4 -6.800000000000001 -7.2 -7.6000000000000005 -8.0 -8.4 -8.8 -9.200000000000001 -9.600000000000001 -10.0 -10.4 -10.8 -11.200000000000001 -11.600000000000001 -12.0 -12.0 -12.033207852932495 -12.119524790370788 -12.211019208210491 -12.304467876943479 -12.412820860581242 -12.53541858501321 -12.671604246912686 -12.820728150769657 -12.982152053900073 -13.155252957171914 -13.339426191583721 -13.534087801246697 -13.738676280800414 -13.95265374579228 -14.175506618946315 -14.406745912192683 -1.7976931348623157E308 -1.7976931348623157E308 -18.20479224651976 -18.234376229279906 -18.281787672416954 -18.34536447163134 -18.424109135448102 
-1.6 -1.2000000000000002 -0.8 -0.4 -0.0 -0.0 -0.4 -0.8 -1.2000000000000002 -1.7976931348623157E308 -1.7976931348623157E308 -2.8000000000000003 -3.082842712474619 -3.418131570170448 -3.7768921627216203 -4.148360919791092 -4.527497343122658 -4.911610680547578 -5.299132075562863 -5.6890856048552365 -6.080833004769876 -6.473939750240358 -6.868100094653798 -7.263092866921392 -7.658754258854514 -8.05496045336218 -8.451616185005483 -8.848647001498604 -9.245993903850394 -9.643609555763334 -10.041455552554112 -10.439500420365494 -10.837718128168031 -11.236086965918604 -11.634588688185467 -11.600000000000001 -11.600000000000001 -11.634588688185467 -11.728949079001959 -11.818674968902743 -11.915536846666852 -12.02777588796532 -12.154669589001255 -12.295501248396286 -12.44956503124076 -12.616170738122705 -12.79464780290133 -12.9843484258389 -13.18464988440982 -13.394956112591084 -13.614698653397282 -13.843337088545201 -14.080359041655658 -1.7976931348623157E308 -1.7976931348623157E308 -17.80479224651976 -17.835471744516905 -17.884607417293843 -17.950449302763715 -18.031936625038988 
-1.7483609197910952 -1.3768921627216202 -1.0181315701704488 -0.682842712474619 -0.4 -0.4 -0.682842712474619 -1.0181315701704488 -1.3768921627216202 -1.7976931348623157E308 -1.7976931348623157E308 -3.2 -3.418131570170448 -3.700974282645067 -4.019217219499371 -4.359162409256643 -4.713359203319281 -5.07738886403388 -5.448467093532655 -5.82475619801456 -6.2049972327434695 -6.5883007252772785 -6.9740216422139385 -7.361681619372049 -7.750918918998558 -8.141455275493641 -8.533073364787278 -8.925601146660593 -9.318900764797702 -9.712860536443069 -10.107389078129444 -10.502410934719336 -10.897863283646993 -11.293693419562118 -11.236086965918604 -11.200000000000001 -11.200000000000001 -11.236086965918604 -11.340238239630443 -11.426912533262533 -11.527441785327476 -11.64384568909006 -11.775330705366372 -11.921113156021496 -12.080425016049126 -12.25251906627945 -12.436673030957865 -12.632192673852483 -12.838413945064495 -13.054704308204757 -13.280463383325525 -13.515123033433149 -13.758147009379385 -1.7976931348623157E308 -1.7976931348623157E308 -17.404792246519758 -17.436650019428495 -17.487636781527534 -17.555905457142263 -17.6403248066415 
-1.959162409256647 -1.6192172194993775 -1.3009742826450679 -1.0181315701704488 -0.8 -0.8 -1.0181315701704488 -1.3009742826450679 -1.6192172194993775 -1.7976931348623157E308 -1.7976931348623157E308 -3.6 -3.7768921627216203 -4.019217219499371 -4.30205993197399 -4.612009157054529 -4.940950315443303 -5.283662086201847 -5.636637735965813 -5.997441903322818 -6.364335885100837 -6.736048814739232 -7.111632643401055 -7.490367354680664 -7.871697355252417 -8.255187791610096 -8.640493931916307 -9.027339309565702 -9.415499861952139 -9.804792246519739 -10.195065115718554 -10.586192519566149 -10.978068859290406 -10.897863283646993 -10.837718128168031 -10.8 -10.8 -10.837718128168031 -10.94860241271293 -11.035801108319314 -11.140280488863992 -11.261157655322554 -11.397558696749007 -11.548624931937848 -11.713519399773539 -11.891432320641616 -12.081585270969953 -12.283234124390837 -12.495670911145943 -12.718224771215237 -12.95026217193971 -13.191186544887527 -13.440437476763103 -1.7976931348623157E308 -1.7976931348623157E308 -17.00479224651976 -17.037920684785067 -17.09089965181735 -17.16177427602394 -17.24933455941 
-2.2120091570545397 -1.9020599319739966 -1.6192172194993775 -1.3768921627216202 -1.2000000000000002 -1.2000000000000002 -1.3768921627216202 -1.6192172194993775 -1.9020599319739966 -1.7976931348623157E308 -1.7976931348623157E308 -4.0 -4.148360919791092 -4.359162409256643 -4.612009157054529 -4.894851869529148 -5.199803084889744 -5.521450151985114 -5.855960818008402 -6.200554926690522 -6.553173958906895 -6.9122663826219215 -7.2766441928139445 -7.64538475824288 -8.017762298370924 -8.393199184467184 -8.771230769515878 -9.151479615074004 -9.533636350142372 -9.917445279405047 -10.302693438549914 -10.689202182696476 -10.586192519566149 -10.502410934719336 -10.439500420365494 -10.4 -10.4 -10.439500420365494 -10.554603331905268 -10.645421309297156 -10.754166439597466 -10.879858939577305 -11.02153375622276 -11.178248106817945 -11.349088590871219 -11.53317683556401 -11.729673555505062 -11.937781175475962 -12.156745238419361 -12.38585482767602 -12.624442214501501 -12.87188191523176 -13.127589313976097 -1.7976931348623157E308 -1.7976931348623157E308 -16.60479224651976 -16.639294912188532 -16.694423638605855 -16.76810336314913 -16.859035703693905 
-2.4948518695291586 -2.2120091570545397 -1.959162409256647 -1.7483609197910952 -1.6 -1.6 -1.7483609197910952 -1.959162409256647 -2.2120091570545397 -1.7976931348623157E308 -1.7976931348623157E308 -4.4 -4.527497343122658 -4.713359203319281 -4.940950315443303 -5.199803084889744 -5.482645797364363 -5.784224436335901 -6.10065184175285 -6.429000301239433 -6.767031373871361 -7.113010722801258 -7.465578306140336 -7.823655747852925 -8.18637923552106 -8.553050253788077 -8.923098967424524 -9.296056696354283 -9.671535005706074 -10.049209663445357 -10.428808217786731 -10.302693438549914 -10.195065115718554 -10.107389078129444 -10.041455552554112 -10.0 -10.0 -10.041455552554112 -10.161118342989502 -10.255867596720298 -10.36923203396978 -10.500120351271041 -10.64746391471125 -10.81022553642654 -10.987407061057398 -11.178054999899203 -11.381264257333456 -11.596180211615994 -11.821999455564164 -12.057969487792327 -12.30338761034858 -12.557599248667824 -12.81999587089351 -1.7976931348623157E308 -1.7976931348623157E308 -16.20479224651976 -16.240785732793864 -16.2982408228205 -16.3749477982755 -16.469508670687016 
-2.7998030848897577 -2.5409503154433124 -2.313359203319289 -2.1274973431226702 -2.0 -2.0 -2.1274973431226702 -2.313359203319289 -2.5409503154433124 -1.7976931348623157E308 -1.7976931348623157E308 -4.800000000000001 -4.911610680547578 -5.07738886403388 -5.283662086201847 -5.521450151985114 -5.784224436335901 -6.06706714881052 -6.366203287669609 -6.678696322632648 -7.002236770491551 -7.334990440523717 -7.675487393552405 -8.022539581092117 -8.375179082340734 -8.73261133767503 -9.094179420554196 -9.459336512349614 -9.827624526625414 -10.198657381665129 -10.049209663445357 -9.917445279405047 -9.804792246519739 -9.712860536443069 -9.643609555763334 -9.600000000000001 -9.600000000000001 -9.643609555763334 -9.768217478578917 -9.86725136067574 -9.98563262786081 -10.122141187302924 -10.2755904492519 -10.444837175231713 -10.628789287753413 -10.826411197998269 -11.036726889704036 -11.258821155720343 -11.49183938974357 -11.734986293353042 -11.987523802480418 -12.248768481186646 -12.518088579420507 -1.7976931348623157E308 -1.7976931348623157E308 -15.80479224651976 -15.842408438077033 -15.90238868801504 -15.982371640165093 -16.080846553406882 
-3.12145015198512 -2.8836620862018414 -2.677388864033881 -2.511610680547581 -2.4000000000000004 -2.4000000000000004 -2.511610680547581 -2.677388864033881 -2.8836620862018414 -1.7976931348623157E308 -1.7976931348623157E308 -5.2 -5.299132075562863 -5.448467093532655 -5.636637735965813 -5.855960818008402 -6.10065184175285 -6.366203287669609 -6.649046000144228 -6.946325077265126 -7.255738683835573 -7.5754177531371285 -7.903834535344439 -8.239732313155901 -8.582070961671041 -8.929984504255824 -9.28274782165849 -9.639750389021962 -10.000475439383848 -9.827624526625414 -9.671535005706074 -9.533636350142372 -9.415499861952139 -9.318900764797702 -9.245993903850394 -9.200000000000001 -9.200000000000001 -9.245993903850394 -9.375984212929728 -9.479704859986029 -9.60355164746566 -9.746155265759255 -9.90619455863142 -10.082407118882688 -10.273596916919232 -10.478638886577109 -10.696480934809143 -10.926143929263977 -11.166720176818936 -11.417370828891487 -11.677322567015864 -11.945863846280446 -12.222340908783265 -1.7976931348623157E308 -1.7976931348623157E308 -15.40479224651976 -15.444181088272169 -15.506911293443196 -15.590449801828212 -15.693157642729634 
-3.4559608180084007 -3.236637735965812 -3.0484670935326763 -2.8991320755628722 -2.8000000000000003 -2.8000000000000003 -2.8991320755628722 -3.0484670935326763 -3.236637735965812 -1.7976931348623157E308 -1.7976931348623157E308 -5.6000000000000005 -5.6890856048552365 -5.82475619801456 -5.997441903322818 -6.200554926690522 -6.429000301239433 -6.678696322632648 -6.946325077265126 -7.229167789739744 -7.524983760619569 -7.831917109083342 -8.148423449097418 -8.47321167133506 -8.805197461682516 -9.14346604255496 -9.487242202552642 -9.835866105540426 -9.639750389021962 -9.459336512349614 -9.296056696354283 -9.151479615074004 -9.027339309565702 -8.925601146660593 -8.848647001498604 -8.8 -8.8 -8.848647001498604 -8.98451886075476 -9.093386303126232 -9.223207102045333 -9.372438517339289 -9.539605654357194 -9.723312237814094 -9.922247431183452 -10.135189049368263 -10.361003898304267 -10.598645976632064 -10.847153174279 -11.105642981858786 -11.373307610400126 -11.64940882215213 -11.93327269207687 -1.7976931348623157E308 -1.7976931348623157E308 -15.00479224651976 -15.046125163626693 -15.111860763309208 -15.199270408689063 -15.306568585179622 
-3.8005549266905376 -3.5974419033228315 -3.4247561980145806 -3.2890856048552433 -3.2 -3.2 -3.2890856048552433 -3.4247561980145806 -3.5974419033228315 -1.7976931348623157E308 -1.7976931348623157E308 -6.0 -6.080833004769876 -6.2049972327434695 -6.364335885100837 -6.553173958906895 -6.767031373871361 -7.002236770491551 -7.255738683835573 -7.524983760619569 -7.807826473094187 -8.102457902414848 -8.407348093412255 -8.721198905004366 -9.04290528124945 -9.37152337641717 -9.706244286120778 -9.487242202552642 -9.28274782165849 -9.094179420554196 -8.923098967424524 -8.771230769515878 -8.640493931916307 -8.533073364787278 -8.451616185005483 -8.4 -8.4 -8.451616185005483 -8.593943061751395 -8.708486472012359 -8.844859959637665 -9.001318611258618 -9.1762117244392 -9.367992816455494 -9.575224681440579 -9.796580326437377 -10.030840826474552 -10.276891034777185 -10.5337139094801 -10.800384043615558 -11.076060833078932 -11.35998159318252 -11.65145483715756 -1.7976931348623157E308 -1.7976931348623157E308 -14.604792246519759 -14.648266407328038 -14.71729919531955 -14.808937789126546 -14.921228344195576 
-4.1531739589069145 -3.9643358851008585 -3.8049972327434904 -3.680833004769869 -3.6 -3.6 -3.680833004769869 -3.8049972327434904 -3.9643358851008585 -1.7976931348623157E308 -1.7976931348623157E308 -6.4 -6.473939750240358 -6.5883007252772785 -6.736048814739232 -6.9122663826219215 -7.113010722801258 -7.334990440523717 -7.5754177531371285 -7.831917109083342 -8.102457902414848 -8.385300614889466 -8.678952160943995 -8.982128370495907 -9.293722341074275 -9.61277772614036 -9.37152337641717 -9.14346604255496 -8.929984504255824 -8.73261133767503 -8.553050253788077 -8.393199184467184 -8.255187791610096 -8.141455275493641 -8.05496045336218 -8.0 -8.0 -8.05496045336218 -8.20440577702477 -8.325237457446388 -8.46882502525937 -8.633187261964709 -8.816472375796293 -9.016965733817887 -9.2330917334002 -9.463411182565823 -9.706615568170532 -9.961519357237488 -10.22705121036371 -10.502244748050328 -10.786229316933436 -11.078221053038613 -11.377514427493875 -1.7976931348623157E308 -1.7976931348623157E308 -14.204792246519759 -14.25063592894147 -14.323301131641243 -14.419576301399529 -14.537313208726312 
-4.512266382621914 -4.3360488147392235 -4.1883007252772755 -4.07393975024035 -4.0 -4.0 -4.07393975024035 -4.1883007252772755 -4.3360488147392235 -1.7976931348623157E308 -1.7976931348623157E308 -6.800000000000001 -6.868100094653798 -6.9740216422139385 -7.111632643401055 -7.2766441928139445 -7.465578306140336 -7.675487393552405 -7.903834535344439 -8.148423449097418 -8.407348093412255 -8.678952160943995 -8.961794873418613 -9.25462155407385 -9.556338178923568 -9.293722341074275 -9.04290528124945 -8.805197461682516 -8.582070961671041 -8.375179082340734 -8.18637923552106 -8.017762298370924 -7.871697355252417 -7.750918918998558 -7.658754258854514 -7.6000000000000005 -7.6000000000000005 -7.658754258854514 -7.816091425347256 -7.943924324960135 -8.095485219761034 -8.26851610167749 -8.460935363591195 -8.670840881504173 -8.896506599586274 -9.136374561778387 -9.38904411664724 -9.653259631812062 -9.927897679588389 -10.21195434721771 -10.504533089347277 -10.8048333685202 -11.105240079885746 -1.7976931348623157E308 -1.7976931348623157E308 -13.80479224651976 -13.853271666856982 -13.929956793539521 -14.031335278724022 -14.155033179620464 
-4.876644192813967 -4.711632643401054 -4.574021642213945 -4.468100094653824 -4.4 -4.4 -4.468100094653824 -4.574021642213945 -4.711632643401054 -1.7976931348623157E308 -1.7976931348623157E308 -7.2 -7.263092866921392 -7.361681619372049 -7.490367354680664 -7.64538475824288 -7.823655747852925 -8.022539581092117 -8.239732313155901 -8.47321167133506 -8.721198905004366 -8.982128370495907 -9.25462155407385 -9.537464266548469 -9.25462155407385 -8.982128370495907 -8.721198905004366 -8.47321167133506 -8.239732313155901 -8.022539581092117 -7.823655747852925 -7.64538475824288 -7.490367354680664 -7.361681619372049 -7.263092866921392 -7.2 -7.2 -7.263092866921392 -7.42923110270905 -7.5649009090916834 -7.7253105377970535 -7.907877343495281 -8.11025769443534 -8.330341727981494 -8.566241579212521 -8.81627557597269 -9.07895042751056 -9.352942863139083 -9.637081684991117 -9.930330822675947 -10.231773708841544 -10.531608190013344 -10.839110343904382 -1.7976931348623157E308 -1.7976931348623157E308 -13.40479224651976 -13.456220353040084 -13.537376366944393 -13.644395486583424 -13.774640186370346 
-5.245384758242881 -5.090367354680684 -4.961681619372048 -4.863092866921405 -4.800000000000001 -4.800000000000001 -4.863092866921405 -4.961681619372048 -5.090367354680684 -1.7976931348623157E308 -1.7976931348623157E308 -7.6000000000000005 -7.658754258854514 -7.750918918998558 -7.871697355252417 -8.017762298370924 -8.18637923552106 -8.375179082340734 -8.582070961671041 -8.805197461682516 -9.04290528124945 -9.293722341074275 -9.556338178923568 -9.25462155407385 -8.961794873418613 -8.678952160943995 -8.407348093412255 -8.148423449097418 -7.903834535344439 -7.675487393552405 -7.465578306140336 -7.2766441928139445 -7.111632643401055 -6.9740216422139385 -6.868100094653798 -6.800000000000001 -6.800000000000001 -6.868100094653798 -7.0441183336485 -7.188611520939256 -7.358883531397933 -7.551970949260578 -7.765232777141861 -7.996331221892156 -8.243207122553178 -8.504052898282337 -8.777285178650905 -9.06151852438483 -9.355541048640754 -9.656377857476123 -9.957518620268269 -10.26679296650138 -10.58329317217359 -1.7976931348623157E308 -1.7976931348623157E308 -13.00479224651976 -13.059540192381911 -13.14569575546706 -13.258977650940455 -13.396438760966653 
-5.617762298370909 -5.471697355252441 -5.350918918998552 -5.25875425885452 -5.2 -5.2 -5.25875425885452 -5.350918918998552 -5.471697355252441 -1.7976931348623157E308 -1.7976931348623157E308 -8.0 -8.05496045336218 -8.141455275493641 -8.255187791610096 -8.393199184467184 -8.553050253788077 -8.73261133767503 -8.929984504255824 -9.14346604255496 -9.37152337641717 -9.61277772614036 -9.293722341074275 -8.982128370495907 -8.678952160943995 -8.385300614889466 -8.102457902414848 -7.831917109083342 -7.5754177531371285 -7.334990440523717 -7.113010722801258 -6.9122663826219215 -6.736048814739232 -6.5883007252772785 -6.473939750240358 -6.4 -6.4 -6.473939750240358 -6.661131632524723 -6.8156212813530175 -6.996934028767573 -7.201660730935266 -7.4268256366014676 -7.669844608331989 -7.928481385326572 -8.200804681001086 -8.48514801743282 -8.780073316266279 -9.080206129928882 -9.3829292615315 -9.69424264152174 -10.013121173110752 -10.338696320580082 -1.7976931348623157E308 -1.7976931348623157E308 -12.604792246519759 -12.663304577597074 -12.755084415450463 -12.87535386106566 -13.020800047266526 
-5.993199184467181 -5.855187791610122 -5.741455275493614 -5.6549604533621505 -5.6000000000000005 -5.6000000000000005 -5.6549604533621505 -5.741455275493614 -5.855187791610122 -1.7976931348623157E308 -1.7976931348623157E308 -8.4 -8.451616185005483 -8.533073364787278 -8.640493931916307 -8.771230769515878 -8.923098967424524 -9.094179420554196 -9.28274782165849 -9.487242202552642 -9.706244286120778 -9.37152337641717 -9.04290528124945 -8.721198905004366 -8.407348093412255 -8.102457902414848 -7.807826473094187 -7.524983760619569 -7.255738683835573 -7.002236770491551 -6.767031373871361 -6.553173958906895 -6.364335885100837 -6.2049972327434695 -6.080833004769876 -6.0 -6.0 -6.080833004769876 -6.280767556305065 -6.446659293602356 -6.640387134762037 -6.858022872980772 -7.0962189741514825 -7.352131247928283 -7.6233469598910775 -7.907820001140611 -8.203813933065438 -8.50321171082365 -8.80779833914994 -9.121474283394228 -9.443077398227556 -9.771633115245328 -10.106315548246549 -1.7976931348623157E308 -1.7976931348623157E308 -12.204792246519759 -12.267607335868103 -12.365756197408716 -12.493863021789865 -12.648180392766623 
-6.371230769515914 -6.24049393191633 -6.133073364787243 -6.051616185005458 -6.0 -6.0 -6.051616185005458 -6.133073364787243 -6.24049393191633 -1.7976931348623157E308 -1.7976931348623157E308 -8.8 -8.848647001498604 -8.925601146660593 -9.027339309565702 -9.151479615074004 -9.296056696354283 -9.459336512349614 -9.639750389021962 -9.835866105540426 -9.487242202552642 -9.14346604255496 -8.805197461682516 -8.47321167133506 -8.148423449097418 -7.831917109083342 -7.524983760619569 -7.229167789739744 -6.946325077265126 -6.678696322632648 -6.429000301239433 -6.200554926690522 -5.997441903322818 -5.82475619801456 -5.6890856048552365 -5.6000000000000005 -5.6000000000000005 -5.6890856048552365 -5.903690384473058 -6.082681366391813 -6.290430675242276 -6.522411959198189 -6.774873961140429 -7.044708236215779 -7.3293366920694965 -7.626617069430701 -7.925287229628196 -8.232082384459616 -8.548516666359863 -8.873265899163373 -9.205229891346443 -9.543485924127483 -9.88725466848858 -1.7976931348623157E308 -1.7976931348623157E308 -11.80479224651976 -11.87257029387054 -11.97798461389817 -12.114932102561852 -12.279146317084118 
-6.751479615074058 -6.6273393095657 -6.525601146660569 -6.44864700149857 -6.4 -6.4 -6.44864700149857 -6.525601146660569 -6.6273393095657 -1.7976931348623157E308 -1.7976931348623157E308 -9.200000000000001 -9.245993903850394 -9.318900764797702 -9.415499861952139 -9.533636350142372 -9.671535005706074 -9.827624526625414 -10.000475439383848 -9.639750389021962 -9.28274782165849 -8.929984504255824 -8.582070961671041 -8.239732313155901 -7.903834535344439 -7.5754177531371285 -7.255738683835573 -6.946325077265126 -6.649046000144228 -6.366203287669609 -6.10065184175285 -5.855960818008402 -5.636637735965813 -5.448467093532655 -5.299132075562863 -5.2 -5.2 -5.299132075562863 -5.530809019972899 -5.724963281313968 -5.948611681223282 -6.196552044673319 -6.464611269900726 -6.749429615258307 -7.048291069228073 -7.346325077265114 -7.65573868383555 -7.975417753137062 -8.30383453534437 -8.63973231315587 -8.982070961671024 -9.329984504255725 -9.68274782165847 -1.7976931348623157E308 -1.7976931348623157E308 -11.40479224651976 -11.478354443989643 -11.592124767408384 -11.73910583239346 -11.914408477329516 
-7.133636350142358 -7.015499861952133 -6.918900764797691 -6.845993903850396 -6.800000000000001 -6.800000000000001 -6.845993903850396 -6.918900764797691 -7.015499861952133 -1.7976931348623157E308 -1.7976931348623157E308 -9.600000000000001 -9.643609555763334 -9.712860536443069 -9.804792246519739 -9.917445279405047 -10.049209663445357 -10.198657381665129 -9.827624526625414 -9.459336512349614 -9.094179420554196 -8.73261133767503 -8.375179082340734 -8.022539581092117 -7.675487393552405 -7.334990440523717 -7.002236770491551 -6.678696322632648 -6.366203287669609 -6.06706714881052 -5.784224436335901 -5.521450151985114 -5.283662086201847 -5.07738886403388 -4.911610680547578 -4.800000000000001 -4.800000000000001 -4.911610680547578 -5.1634001750030185 -5.375243217830185 -5.61697725415336 -5.8826642045580115 -6.167720293664543 -6.467067148810523 -6.766203287669608 -7.078696322632611 -7.402236770491517 -7.734990440523639 -8.075487393552402 -8.422539581092122 -8.775179082340728 -9.132611337674955 -9.494179420554119 -1.7976931348623157E308 -1.7976931348623157E308 -11.00479224651976 -11.08517687201563 -11.208645545664655 -11.367088942271673 -11.554868517549806 
-7.5174452794050515 -7.404792246519759 -7.3128605364430745 -7.2436095557633156 -7.2 -7.2 -7.2436095557633156 -7.3128605364430745 -7.404792246519759 -1.7976931348623157E308 -1.7976931348623157E308 -10.0 -10.041455552554112 -10.107389078129444 -10.195065115718554 -10.302693438549914 -10.428808217786731 -10.049209663445357 -9.671535005706074 -9.296056696354283 -8.923098967424524 -8.553050253788077 -8.18637923552106 -7.823655747852925 -7.465578306140336 -7.113010722801258 -6.767031373871361 -6.429000301239433 -6.10065184175285 -5.784224436335901 -5.482645797364363 -5.199803084889744 -4.940950315443303 -4.713359203319281 -4.527497343122658 -4.4 -4.4 -4.527497343122658 -4.803313880847619 -5.035946113206935 -5.298285152458168 -5.58364841168971 -5.882645797364374 -6.184224436335899 -6.500651841752847 -6.82900030123941 -7.167031373871329 -7.513010722801204 -7.865578306140342 -8.223655747852938 -8.586379235521042 -8.953050253788033 -9.32309896742448 -1.7976931348623157E308 -1.7976931348623157E308 -10.604792246519759 -10.69333722115841 -10.828178087624787 -10.999807456117502 -11.201684668671684 
-7.902693438549924 -7.795065115718568 -7.707389078129452 -7.641455552554122 -7.6000000000000005 -7.6000000000000005 -7.641455552554122 -7.707389078129452 -7.795065115718568 -1.7976931348623157E308 -1.7976931348623157E308 -10.4 -10.439500420365494 -10.502410934719336 -10.586192519566149 -10.689202182696476 -10.302693438549914 -9.917445279405047 -9.533636350142372 -9.151479615074004 -8.771230769515878 -8.393199184467184 -8.017762298370924 -7.64538475824288 -7.2766441928139445 -6.9122663826219215 -6.553173958906895 -6.200554926690522 -5.855960818008402 -5.521450151985114 -5.199803084889744 -4.894851869529148 -4.612009157054529 -4.359162409256643 -4.148360919791092 -4.0 -4.0 -4.148360919791092 -4.453333705228013 -4.710550593158622 -4.996327823544408 -5.294851869529157 -5.599803084889757 -5.921450151985116 -6.255960818008397 -6.6005549266905135 -6.9531739589068895 -7.31226638262188 -7.676644192813943 -8.045384758242864 -8.417762298370878 -8.793199184467117 -9.17123076951583 -1.7976931348623157E308 -1.7976931348623157E308 -10.204792246519759 -10.303260578091606 -10.451590859043414 -10.638499609716717 -10.856365119483764 
-8.289202182696497 -8.186192519566145 -8.10241093471939 -8.039500420365478 -8.0 -8.0 -8.039500420365478 -8.10241093471939 -8.186192519566145 -1.7976931348623157E308 -1.7976931348623157E308 -10.8 -10.837718128168031 -10.897863283646993 -10.978068859290406 -10.586192519566149 -10.195065115718554 -9.804792246519739 -9.415499861952139 -9.027339309565702 -8.640493931916307 -8.255187791610096 -7.871697355252417 -7.490367354680664 -7.111632643401055 -6.736048814739232 -6.364335885100837 -5.997441903322818 -5.636637735965813 -5.283662086201847 -4.940950315443303 -4.612009157054529 -4.30205993197399 -4.019217219499371 -3.7768921627216203 -3.6 -3.6 -3.7768921627216203 -4.117848801126528 -4.404218302070525 -4.702059931973996 -5.012009157054539 -5.3409503154433065 -5.683662086201821 -6.036637735965785 -6.39744190332279 -6.7643358851008335 -7.136048814739225 -7.511632643401057 -7.890367354680674 -8.271697355252448 -8.655187791610116 -9.040493931916352 -1.7976931348623157E308 -1.7976931348623157E308 -9.80479224651976 -9.915569995697076 -10.08010986659193 -10.284854139051912 -10.520903318895487 
-8.676820657850978 -8.578068859290484 -8.497863283647076 -8.43771812816798 -8.4 -8.4 -8.43771812816798 -8.497863283647076 -8.578068859290484 -1.7976931348623157E308 -1.7976931348623157E308 -11.200000000000001 -11.236086965918604 -11.293693419562118 -10.897863283646993 -10.502410934719336 -10.107389078129444 -9.712860536443069 -9.318900764797702 -8.925601146660593 -8.533073364787278 -8.141455275493641 -7.750918918998558 -7.361681619372049 -6.9740216422139385 -6.5883007252772785 -6.2049972327434695 -5.82475619801456 -5.448467093532655 -5.07738886403388 -4.713359203319281 -4.359162409256643 -4.019217219499371 -3.700974282645067 -3.418131570170448 -3.2 -3.2 -3.418131570170448 -3.80421727537765 -4.100974282645061 -4.419217219499365 -4.759162409256638 -5.113359203319277 -5.477388864033859 -5.848467093532644 -6.224756198014549 -6.604997232743475 -6.988300725277269 -7.374021642213951 -7.761681619372062 -8.150918918998538 -8.541455275493577 -8.9330733647872 -1.7976931348623157E308 -1.7976931348623157E308 -9.40479224651976 -9.531215614575686 -9.715518820506167 -9.941226749435161 -10.197977964215601 
-9.065420687232516 -8.970604986187423 -8.893693419562185 -8.836086965918579 -8.8 -8.8 -8.836086965918579 -8.893693419562185 -8.970604986187423 -1.7976931348623157E308 -1.7976931348623157E308 -11.600000000000001 -11.634588688185467 -11.236086965918604 -10.837718128168031 -10.439500420365494 -10.041455552554112 -9.643609555763334 -9.245993903850394 -8.848647001498604 -8.451616185005483 -8.05496045336218 -7.658754258854514 -7.263092866921392 -6.868100094653798 -6.473939750240358 -6.080833004769876 -5.6890856048552365 -5.299132075562863 -4.911610680547578 -4.527497343122658 -4.148360919791092 -3.7768921627216203 -3.418131570170448 -3.082842712474619 -2.8000000000000003 -2.8000000000000003 -3.082842712474619 -3.4828427124746195 -3.8181315701704457 -4.1768921627216145 -4.548360919791089 -4.927497343122653 -5.311610680547575 -5.699132075562861 -6.089085604855225 -6.480833004769861 -6.873939750240351 -7.2681000946537955 -7.663092866921371 -8.058754258854462 -8.45496045336211 -8.851616185005428 -1.7976931348623157E308 -1.7976931348623157E308 -9.00479224651976 -9.151719722622467 -9.360508499129834 -9.610990575131666 -9.89125526582375 
