<?xml version="1.0" encoding="UTF-8" standalone="yes"?>
<output>
    <distanceMap>-22.67156809750927 -22.02271554554524 -21.400934559032695 -20.808652046684813 -20.248456731316587 -19.72308292331602 -19.235384061671343 -18.788294228055936 -18.384776310850235 -18.027756377319946 -17.72004514666935 -17.46424919657298 -17.26267650163207 -17.11724276862369 -17.029386365926403 -17.0 -17.0 -17.029386365926403 -17.11724276862369 -17.26267650163207 -17.46424919657298 -17.72004514666935 -18.027756377319946 -18.384776310850235 -18.788294228055936 -19.235384061671343 -19.72308292331602 -20.248456731316587 -20.808652046684813 -21.400934559032695 -22.02271554554524 -22.67156809750927 -23.345235059857504 -24.041630560342615 -24.758836806279895 -25.495097567963924 -26.248809496813376 -27.018512172212592 -27.80287754891569 -28.600699292150182 -29.410882339705484 -30.23243291566195 -31.064449134018133 -31.906112267087632 -32.7566787083184 -33.61547262794322 -34.48187929913333 -35.35533905932738 -36.235341863986875 -37.12142238654117 -38.01315561749642 -38.91015291668744 -39.81205847478876 -40.718546143004666 -41.6293165929973 -42.5440947723653 -43.46262762420146 -44.384682042344295 -45.31004303683677 -46.238512086787566 -47.16990566028302 -48.104053883222775 -49.040799340956916 -49.9799959983992 -50.92150822589606 -51.86520991955976 -52.20153254455275 -52.55473337388365 -52.92447448959697 -53.31041174104736 -53.71219600798314 -54.12947441089743 -54.56189146281496 -55.00909015790027 -55.47071299343465 -55.94640292279746 -56.43580423808985 -56.938563381947034 -57.4543296888929 -57.982756057296896 -58.52349955359813 -59.07622195096772 -59.64059020499378 -60.21627686929839 -60.802960454241045 -61.40032573203501 -62.00806399170998 -62.625873247404705 -63.25345840347388 -63.89053137985315 -64.53681120105021 -65.19202405202648 -65.85590330410783 -66.52818951391959 -67.20863039818622 -67.89698078707183 -68.59300255857006 -69.29646455628166 -70.00714249274856 -70.7248188403477 -71.449282711585 -72.18032973047436 -72.91776189653656 -73.66138744281159 -74.41102068914255 -75.16648189186454 -75.92759709091287 -76.69419795525604 -77.46612162745726 -78.24321056807422 
-21.93171219946131 -21.2602916254693 -20.615528128088304 -20.0 -19.4164878389476 -18.867962264113206 -18.35755975068582 -17.88854381999832 -17.46424919657298 -17.08800749063506 -16.76305461424021 -16.492422502470642 -16.278820596099706 -16.1245154965971 -16.0312195418814 -16.0 -16.0 -16.0312195418814 -16.1245154965971 -16.278820596099706 -16.492422502470642 -16.76305461424021 -17.08800749063506 -17.46424919657298 -17.88854381999832 -18.35755975068582 -18.867962264113206 -19.4164878389476 -20.0 -20.615528128088304 -21.2602916254693 -21.93171219946131 -22.627416997969522 -23.345235059857504 -24.08318915758459 -24.839484696748443 -25.612496949731394 -26.40075756488817 -27.202941017470888 -28.0178514522438 -28.844410203711913 -29.68164415931166 -30.528675044947494 -31.38470965295043 -32.2490309931942 -33.12099032335839 -34.0 -34.88552708502482 -35.77708763999664 -36.6742416417845 -37.57658845611187 -38.48376280978771 -39.395431207184416 -40.311288741492746 -41.23105625617661 -42.15447781671598 -43.08131845707603 -44.01136216933077 -44.94441010848846 -45.880278987817846 -46.8187996428785 -47.75981574503821 -48.703182647543684 -49.64876634922564 -50.59644256269407 -50.92150822589606 -51.264022471905186 -51.62363799656123 -52.0 -52.392747589718944 -52.80151512977634 -53.225933528685054 -53.665631459994955 -54.120236510939236 -54.589376255824725 -55.072679252057455 -55.569775957799216 -56.08029957123981 -56.60388679233962 -57.14017850864661 -57.688820407423826 -58.249463516842795 -58.82176467941097 -59.405386961116584 -60.0 -60.60528029800704 -61.220911460055866 -61.84658438426491 -62.48199740725323 -63.12685640834652 -63.7808748764079 -64.4437739428721 -65.11528238439882 -65.79513659838392 -66.48308055437865 -67.17886572427373 -67.88225099390856 -68.59300255857006 -69.31089380465383 -70.03570517957252 -70.76722405181653 -71.50524456289902 -72.24956747275377 -73.0 -73.7563556583431 -74.51845409024533 -75.28612089887484 -76.05918747922567 -76.83749084919418 -77.62087348130012 
-21.213203435596427 -20.518284528683193 -19.849433241279208 -19.209372712298546 -18.601075237738275 -18.027756377319946 -17.4928556845359 -17.0 -16.55294535724685 -16.15549442140351 -15.811388300841896 -15.524174696260024 -15.297058540778355 -15.132745950421556 -15.033296378372908 -15.0 -15.0 -15.033296378372908 -15.132745950421556 -15.297058540778355 -15.524174696260024 -15.811388300841896 -16.15549442140351 -16.55294535724685 -17.0 -17.4928556845359 -18.027756377319946 -18.601075237738275 -19.209372712298546 -19.849433241279208 -20.518284528683193 -21.213203435596427 -21.93171219946131 -22.67156809750927 -23.430749027719962 -24.20743687382041 -25.0 -25.80697580112788 -26.627053911388696 -27.459060435491963 -28.30194339616981 -29.154759474226502 -30.01666203960727 -30.886890422961002 -31.76476034853718 -32.64965543462902 -33.54101966249684 -34.438350715445125 -35.34119409414458 -36.24913792078372 -37.16180835212409 -38.07886552931954 -39.0 -39.92492955535426 -40.85339643163099 -41.78516483155236 -42.720018726587654 -43.657759905886145 -44.598206241955516 -45.5411901469428 -46.486557196677836 -47.43416490252569 -48.38388161361178 -49.33558553417604 -49.64876634922564 -49.9799959983992 -50.32891812864648 -50.695167422546305 -51.07837115648854 -51.478150704935004 -51.894122981316485 -52.32590180780452 -52.773099207835045 -53.23532661682466 -53.71219600798314 -54.20332093147061 -54.70831746635972 -55.226805085936306 -55.758407437802596 -56.302753041036986 -56.859475903318 -57.42821606144492 -58.008620049092706 -58.60034129593445 -59.20304046246274 -59.81638571495272 -60.440052945046304 -61.07372593840988 -61.71709649683789 -62.369864518050704 -63.0317380372777 -63.702433234531945 -64.38167441127949 -65.06919393998976 -65.76473218982953 -66.46803743153546 -67.17886572427373 -67.89698078707183 -68.62215385719105 -69.35416353759881 -70.09279563550022 -70.83784299369935 -71.58910531638176 -72.34638899074369 -73.10950690573696 -73.87827826905551 -74.65252842335616 -75.43208866258443 -76.21679604916491 -77.00649323271382 
-20.518284528683193 -19.79898987322333 -19.1049731745428 -18.439088914585774 -17.804493814764857 -17.204650534085253 -16.64331697709324 -16.1245154965971 -15.652475842498529 -15.231546211727817 -14.866068747318506 -14.560219778561036 -14.317821063276353 -14.142135623730951 -14.035668847618199 -14.0 -14.0 -14.035668847618199 -14.142135623730951 -14.317821063276353 -14.560219778561036 -14.866068747318506 -15.231546211727817 -15.652475842498529 -16.1245154965971 -16.64331697709324 -17.204650534085253 -17.804493814764857 -18.439088914585774 -19.1049731745428 -19.79898987322333 -20.518284528683193 -21.2602916254693 -22.02271554554524 -22.80350850198276 -23.600847442411894 -24.413111231467404 -25.238858928247925 -26.076809620810597 -26.92582403567252 -27.784887978899608 -28.653097563788805 -29.5296461204668 -30.4138126514911 -31.304951684997057 -32.202484376209235 -33.1058907144937 -34.0147027033899 -34.92849839314596 -35.84689665786984 -36.76955262170047 -37.69615364994153 -38.62641583165593 -39.56008088970496 -40.496913462633174 -41.43669871020132 -42.37924020083418 -43.32435804486894 -44.27188724235731 -45.221676218380054 -46.17358552246078 -47.12748667179272 -48.08326112068523 -48.38388161361178 -48.703182647543684 -49.040799340956916 -49.39635614091387 -49.76946855251722 -50.15974481593781 -50.566787519082126 -50.99019513592785 -51.42956348249516 -51.884487084291386 -52.354560450833695 -52.839379254491625 -53.33854141237835 -53.85164807134504 -54.378304497290095 -54.91812087098393 -55.47071299343465 -56.0357029044876 -56.61271941887264 -57.201398584300364 -57.8013840664737 -58.412327466040935 -59.033888572581766 -59.665735560705194 -60.30754513325841 -60.959002616512684 -61.61980201201558 -62.289646009589745 -62.96824596572466 -63.655321851358195 -64.35060217278468 -65.05382386916237 -65.76473218982953 -66.48308055437865 -67.20863039818622 -67.94115100585212 -68.6804193347711 -69.42621983083913 -70.178344238091 -70.9365914038728 -71.7007670809734 -72.47068372797375 -73.24616030891995 -74.02702209328699 -74.81310045707235 -75.6042326857432 -76.40026177965623 
-19.849433241279208 -19.1049731745428 -18.384776310850235 -17.69180601295413 -17.029386365926403 -16.401219466856727 -15.811388300841896 -15.264337522473747 -14.7648230602334 -14.317821063276353 -13.92838827718412 -13.601470508735444 -13.341664064126334 -13.152946437965905 -13.038404810405298 -13.0 -13.0 -13.038404810405298 -13.152946437965905 -13.341664064126334 -13.601470508735444 -13.92838827718412 -14.317821063276353 -14.7648230602334 -15.264337522473747 -15.811388300841896 -16.401219466856727 -17.029386365926403 -17.69180601295413 -18.384776310850235 -19.1049731745428 -19.849433241279208 -20.615528128088304 -21.400934559032695 -22.20360331117452 -23.021728866442675 -23.853720883753127 -24.698178070456937 -25.553864678361276 -26.419689627245813 -27.294688127912362 -28.178005607210743 -29.068883707497267 -29.966648127543394 -30.870698080866262 -31.78049716414141 -32.69556544854363 -33.61547262794322 -34.539832078341085 -35.4682957019364 -36.40054944640259 -37.33630940518894 -38.27531841800928 -39.21734310225516 -40.162171256046406 -41.10960958218893 -42.05948168962618 -43.01162633521314 -43.965895873961216 -44.9221548904324 -45.880278987817846 -46.84015371452148 -47.12748667179272 -47.43416490252569 -47.75981574503821 -48.104053883222775 -48.46648326421054 -48.84669896727925 -49.24428900898052 -49.658836071740545 -50.08991914547278 -50.53711507397311 -51.0 -51.478150704935004 -51.97114584074513 -52.478567053607705 -53.0 -53.53503525729669 -54.08326913195984 -54.644304369257 -55.21775076911409 -55.80322571321482 -56.4003546088143 -57.0087712549569 -57.62811813689564 -58.25804665451803 -58.89821729050889 -59.54829972383762 -60.207972893961475 -60.876925020897694 -61.554853586049575 -62.24146527838174 -62.93647591023825 -63.63961030678928 -64.35060217278468 -65.06919393998976 -65.79513659838392 -66.52818951391959 -67.26812023536856 -68.01470429252781 -68.76772498781678 -69.52697318307479 -70.2922470831599 -71.06335201775947 -71.84010022264724 -72.62231062146122 -73.40980860893181 -74.2024258363566 -75.0 -75.8023746329889 
-19.209372712298546 -18.439088914585774 -17.69180601295413 -16.97056274847714 -16.278820596099706 -15.620499351813308 -15.0 -14.422205101855956 -13.892443989449804 -13.416407864998739 -13.0 -12.649110640673518 -12.36931687685298 -12.165525060596439 -12.041594578792296 -12.0 -12.0 -12.041594578792296 -12.165525060596439 -12.36931687685298 -12.649110640673518 -13.0 -13.416407864998739 -13.892443989449804 -14.422205101855956 -15.0 -15.620499351813308 -16.278820596099706 -16.97056274847714 -17.69180601295413 -18.439088914585774 -19.209372712298546 -20.0 -20.808652046684813 -21.633307652783937 -22.47220505424423 -23.323807579381203 -24.186773244895647 -25.059928172283335 -25.942243542145693 -26.832815729997478 -27.730849247724095 -28.635642126552707 -29.546573405388315 -30.463092423455635 -31.38470965295043 -32.31098884280702 -33.24154027718932 -34.17601498127012 -35.11409973215888 -36.05551275463989 -37.0 -37.94733192202055 -38.897300677553446 -39.84971769034255 -40.80441152620633 -41.7612260356422 -42.720018726587654 -43.68065933568311 -44.64302857109943 -45.60701700396552 -45.880278987817846 -46.17358552246078 -46.486557196677836 -46.8187996428785 -47.16990566028302 -47.53945729601885 -47.92702786528704 -48.33218389437829 -48.75448697299562 -49.193495504995376 -49.64876634922564 -50.11985634456667 -50.60632371551998 -51.10772935672255 -51.62363799656123 -52.15361924162119 -52.69724850502159 -53.25410782277739 -53.823786563191554 -54.405882034941776 -55.0 -55.60575509783138 -56.22277118748239 -56.85068161420758 -57.48912940721924 -58.137767414994535 -58.7962583843564 -59.464274989274024 -60.14149981501958 -60.8276253029822 -61.5223536610881 -62.22539674441618 -62.93647591023825 -63.655321851358195 -64.38167441127949 -65.11528238439882 -65.85590330410783 -66.60330322138685 -67.35725647619564 -68.11754546370561 -68.8839603971781 -69.65629906907199 -70.43436661176133 -71.21797525905943 -72.00694410957877 -72.80109889280519 -73.60027173862879 -74.4043009509531 -75.21303078589507 
-18.601075237738275 -17.804493814764857 -17.029386365926403 -16.278820596099706 -15.556349186104045 -14.866068747318506 -14.212670403551895 -13.601470508735444 -13.038404810405298 -12.529964086141668 -12.083045973594572 -11.704699910719626 -11.40175425099138 -11.180339887498949 -11.045361017187261 -11.0 -11.0 -11.045361017187261 -11.180339887498949 -11.40175425099138 -11.704699910719626 -12.083045973594572 -12.529964086141668 -13.038404810405298 -13.601470508735444 -14.212670403551895 -14.866068747318506 -15.556349186104045 -16.278820596099706 -17.029386365926403 -17.804493814764857 -18.601075237738275 -19.4164878389476 -20.248456731316587 -21.095023109728988 -21.95449840010015 -22.825424421026653 -23.706539182259394 -24.596747752497688 -25.495097567963924 -26.40075756488817 -27.313000567495326 -28.231188426986208 -29.154759474226502 -30.083217912982647 -31.016124838541646 -31.953090617340916 -32.89376840679705 -33.83784863137726 -34.785054261852174 -35.73513677041127 -36.68787265568828 -37.64306044943742 -38.600518131237564 -39.56008088970496 -40.52159917870962 -41.48493702538308 -42.44997055358225 -43.41658669218482 -44.384682042344295 -44.64302857109943 -44.9221548904324 -45.221676218380054 -45.5411901469428 -45.880278987817846 -46.238512086787566 -46.61544808322666 -47.01063709417264 -47.4236228055175 -47.853944456021594 -48.30113870293329 -48.76474136094644 -49.24428900898052 -49.73932046178355 -50.24937810560445 -50.774009099144415 -51.31276644267 -51.86520991955976 -52.43090691567332 -53.009433122794285 -53.600373133029585 -54.20332093147061 -54.817880294662984 -55.44366510251645 -56.08029957123981 -56.72741841473134 -57.38466694161429 -58.05170109479997 -58.728187440104094 -59.413803110051795 -60.108235708594876 -60.81118318204309 -61.5223536610881 -62.24146527838174 -62.96824596572466 -63.702433234531945 -64.4437739428721 -65.19202405202648 -65.94694837519019 -66.70832032063167 -67.47592163134935 -68.24954212300622 -69.02897942168927 -69.81403870282824 -70.60453243241541 -71.40028011149536 -72.20110802473879 -73.00684899377592 -73.81734213584231 -74.63243262818116 
-18.027756377319946 -17.204650534085253 -16.401219466856727 -15.620499351813308 -14.866068747318506 -14.142135623730951 -13.45362404707371 -12.806248474865697 -12.206555615733702 -11.661903789690601 -11.180339887498949 -10.770329614269007 -10.44030650891055 -10.198039027185569 -10.04987562112089 -10.0 -10.0 -10.04987562112089 -10.198039027185569 -10.44030650891055 -10.770329614269007 -11.180339887498949 -11.661903789690601 -12.206555615733702 -12.806248474865697 -13.45362404707371 -14.142135623730951 -14.866068747318506 -15.620499351813308 -16.401219466856727 -17.204650534085253 -18.027756377319946 -18.867962264113206 -19.72308292331602 -20.591260281974 -21.470910553583888 -22.360679774997898 -23.259406699226016 -24.166091947189145 -25.079872407968907 -26.0 -26.92582403567252 -27.85677655436824 -28.792360097775937 -29.732137494637012 -30.675723300355934 -31.622776601683793 -32.57299494980466 -33.52610922848042 -34.48187929913333 -35.4400902933387 -36.40054944640259 -37.36308338453881 -38.3275357934736 -39.293765408777 -40.26164427839479 -41.23105625617661 -42.20189569201838 -43.174066289845804 -43.41658669218482 -43.68065933568311 -43.965895873961216 -44.27188724235731 -44.598206241955516 -44.94441010848846 -45.31004303683677 -45.69463863518345 -46.09772228646444 -46.51881339845203 -46.95742752749558 -47.41307836451879 -47.885279575251516 -48.373546489791295 -48.877397639399746 -49.39635614091387 -49.92995093127971 -50.47771785649585 -51.03920062069938 -51.61395160225576 -52.20153254455275 -52.80151512977634 -53.41348144429457 -54.037024344425184 -54.67174773134658 -55.31726674375732 -55.97320787662612 -56.639209034025185 -57.3149195236284 -58.0 -58.69412236331676 -59.39696961966999 -60.108235708594876 -60.8276253029822 -61.554853586049575 -62.289646009589745 -63.0317380372777 -63.7808748764079 -64.53681120105021 -65.29931086925804 -66.06814663663572 -66.84309986827361 -67.62396025078685 -68.41052550594829 -69.20260110718382 -70.0 -70.80254232723568 -71.61005515987263 -72.42237223399962 -73.23933369440222 -74.06078584514209 
-17.4928556845359 -16.64331697709324 -15.811388300841896 -15.0 -14.212670403551895 -13.45362404707371 -12.727922061357855 -12.041594578792296 -11.40175425099138 -10.816653826391969 -10.295630140987 -9.848857801796104 -9.486832980505138 -9.219544457292887 -9.055385138137417 -9.0 -9.0 -9.055385138137417 -9.219544457292887 -9.486832980505138 -9.848857801796104 -10.295630140987 -10.816653826391969 -11.40175425099138 -12.041594578792296 -12.727922061357855 -13.45362404707371 -14.212670403551895 -15.0 -15.811388300841896 -16.64331697709324 -17.4928556845359 -18.35755975068582 -19.235384061671343 -20.12461179749811 -21.02379604162864 -21.93171219946131 -22.847319317591726 -23.769728648009426 -24.698178070456937 -25.632011235952593 -26.570660511172846 -27.51363298439521 -28.460498941515414 -29.410882339705484 -30.364452901377952 -31.32091952673165 -32.28002478313795 -33.24154027718932 -34.20526275297414 -35.17101079013795 -36.138621999185304 -37.107950630558946 -38.07886552931954 -39.05124837953327 -40.024992192379 -41.0 -41.97618372363071 -42.20189569201838 -42.44997055358225 -42.720018726587654 -43.01162633521314 -43.32435804486894 -43.657759905886145 -44.01136216933077 -44.384682042344295 -44.77722635447622 -45.18849411078001 -45.617978911828175 -46.06517122512408 -46.52956049652737 -47.01063709417264 -47.50789408087881 -48.02082881417188 -48.54894437575342 -49.09175083453431 -49.64876634922564 -50.21951811795888 -50.80354318352215 -51.40038910358559 -52.009614495783374 -52.630789467763066 -53.2634959423431 -53.907327887774215 -54.56189146281496 -55.226805085936306 -55.90169943749474 -56.586217403180434 -57.28001396647874 -57.982756057296896 -58.69412236331676 -59.413803110051795 -60.14149981501958 -60.876925020897694 -61.61980201201558 -62.369864518050704 -63.12685640834652 -63.89053137985315 -64.66065264130884 -65.43699259593154 -66.21933252457322 -67.00746227100382 -67.80117993073571 -68.60029154456998 -69.40461079784254 -70.21395872616783 -71.02816342831905 -71.84705978674423 -72.67048919609665 -73.49829930005184 
-17.0 -16.1245154965971 -15.264337522473747 -14.422205101855956 -13.601470508735444 -12.806248474865697 -12.041594578792296 -11.313708498984761 -10.63014581273465 -10.0 -9.433981132056603 -8.94427190999916 -8.54400374531753 -8.246211251235321 -8.06225774829855 -8.0 -8.0 -8.06225774829855 -8.246211251235321 -8.54400374531753 -8.94427190999916 -9.433981132056603 -10.0 -10.63014581273465 -11.313708498984761 -12.041594578792296 -12.806248474865697 -13.601470508735444 -14.422205101855956 -15.264337522473747 -16.1245154965971 -17.0 -17.88854381999832 -18.788294228055936 -19.697715603592208 -20.615528128088304 -21.540659228538015 -22.47220505424423 -23.40939982143925 -24.351591323771842 -25.298221281347036 -26.248809496813376 -27.202941017470888 -28.160255680657446 -29.120439557122072 -30.083217912982647 -31.04834939252005 -32.01562118716424 -32.984845004941285 -33.95585369269929 -34.92849839314596 -35.90264614203248 -36.87817782917155 -37.8549864614954 -38.8329756778952 -39.81205847478876 -40.792156108742276 -41.0 -41.23105625617661 -41.48493702538308 -41.7612260356422 -42.05948168962618 -42.37924020083418 -42.720018726587654 -43.08131845707603 -43.46262762420146 -43.86342439892262 -44.28317965096906 -44.721359549995796 -45.17742799230607 -45.65084884205331 -46.14108798023731 -46.647615158762406 -47.16990566028302 -47.70744176750625 -48.25971404805462 -48.82622246293481 -49.4064773081425 -50.0 -50.60632371551998 -51.22499389946279 -51.85556864985669 -52.49761899362675 -53.150729063673246 -53.81449618829484 -54.48853090330111 -55.17245689653489 -55.86591089385369 -56.568542494923804 -57.28001396647874 -58.0 -58.728187440104094 -59.464274989274024 -60.207972893961475 -60.959002616512684 -61.71709649683789 -62.48199740725323 -63.25345840347388 -64.03124237432849 -64.81512169239521 -65.60487786742691 -66.40030120413611 -67.20119046564577 -68.00735254367721 -68.81860213634101 -69.63476143421474 -70.45565981523414 -71.28113354878694 -72.11102550927978 -72.94518489934754 
-16.55294535724685 -15.652475842498529 -14.7648230602334 -13.892443989449804 -13.038404810405298 -12.206555615733702 -11.40175425099138 -10.63014581273465 -9.899494936611665 -9.219544457292887 -8.602325267042627 -8.06225774829855 -7.615773105863909 -7.280109889280518 -7.0710678118654755 -7.0 -7.0 -7.0710678118654755 -7.280109889280518 -7.615773105863909 -8.06225774829855 -8.602325267042627 -9.219544457292887 -9.899494936611665 -10.63014581273465 -11.40175425099138 -12.206555615733702 -13.038404810405298 -13.892443989449804 -14.7648230602334 -15.652475842498529 -16.55294535724685 -17.46424919657298 -18.384776310850235 -19.313207915827967 -20.248456731316587 -21.18962010041709 -22.135943621178654 -23.08679276123039 -24.041630560342615 -25.0 -25.96150997149434 -26.92582403567252 -27.892651361962706 -28.861739379323623 -29.832867780352597 -30.805843601498726 -31.78049716414141 -32.7566787083184 -33.734255586866 -34.713109915419565 -35.6931365951495 -36.6742416417845 -37.656340767525464 -38.63935817272331 -39.6232255123179 -39.81205847478876 -40.024992192379 -40.26164427839479 -40.52159917870962 -40.80441152620633 -41.10960958218893 -41.43669871020132 -41.78516483155236 -42.15447781671598 -42.5440947723653 -42.95346318982906 -43.382023926967726 -43.829214001622255 -44.294469180700204 -44.77722635447622 -45.27692569068709 -45.79301256742124 -46.32493928760188 -46.87216658103186 -47.43416490252569 -48.010415536631214 -48.60041152089147 -49.20365840057018 -49.8196748283246 -50.44799302251776 -51.088159097779204 -51.73973328110612 -52.40229002629561 -53.075418038862395 -53.75872022286245 -54.45181356024793 -55.154328932550705 -55.86591089385369 -56.586217403180434 -57.3149195236284 -58.05170109479997 -58.7962583843564 -59.54829972383762 -60.30754513325841 -61.07372593840988 -61.84658438426491 -62.625873247404705 -63.41135544995076 -64.20280367709809 -65.0 -65.80273550544841 -66.61080993352356 -67.42403132415029 -68.24221567329127 -69.06518659932803 -69.8927750200262 -70.7248188403477 -71.56116265125938 -72.40165743959182 
-16.15549442140351 -15.231546211727817 -14.317821063276353 -13.416407864998739 -12.529964086141668 -11.661903789690601 -10.816653826391969 -10.0 -9.219544457292887 -8.48528137423857 -7.810249675906654 -7.211102550927978 -6.708203932499369 -6.324555320336759 -6.082762530298219 -6.0 -6.0 -6.082762530298219 -6.324555320336759 -6.708203932499369 -7.211102550927978 -7.810249675906654 -8.48528137423857 -9.219544457292887 -10.0 -10.816653826391969 -11.661903789690601 -12.529964086141668 -13.416407864998739 -14.317821063276353 -15.231546211727817 -16.15549442140351 -17.08800749063506 -18.027756377319946 -18.973665961010276 -19.924858845171276 -20.8806130178211 -21.840329667841555 -22.80350850198276 -23.769728648009426 -24.73863375370596 -25.709920264364882 -26.68332812825267 -27.65863337187866 -28.635642126552707 -29.614185789921695 -30.59411708155671 -31.575306807693888 -32.55764119219941 -33.54101966249684 -34.52535300326414 -35.510561809129406 -36.49657518178932 -37.48332962798263 -38.47076812334269 -38.63935817272331 -38.8329756778952 -39.05124837953327 -39.293765408777 -39.56008088970496 -39.84971769034255 -40.162171256046406 -40.496913462633174 -40.85339643163099 -41.23105625617661 -41.6293165929973 -42.04759208325728 -42.485291572496 -42.941821107167776 -43.41658669218482 -43.9089968002003 -44.41846462902562 -44.94441010848846 -45.48626166217664 -46.04345773288535 -46.61544808322666 -47.20169488482379 -47.80167361086848 -48.41487374764082 -49.040799340956916 -49.678969393496885 -50.32891812864648 -50.99019513592785 -51.66236541235796 -52.3450093132096 -53.03772242470448 -53.74011537017761 -54.45181356024793 -55.17245689653489 -55.90169943749474 -56.639209034025185 -57.38466694161429 -58.137767414994535 -58.89821729050889 -59.665735560705194 -60.440052945046304 -61.220911460055866 -62.00806399170998 -62.80127387243033 -63.60031446463138 -64.40496875241847 -65.21502894272147 -66.03029607687671 -66.85057965343307 -67.67569726275453 -68.5054742338158 -69.33974329343886 -70.178344238091 -71.02112361825881 -71.8679344353238 
-15.811388300841896 -14.866068747318506 -13.92838827718412 -13.0 -12.083045973594572 -11.180339887498949 -10.295630140987 -9.433981132056603 -8.602325267042627 -7.810249675906654 -7.0710678118654755 -6.4031242374328485 -5.830951894845301 -5.385164807134504 -5.0990195135927845 -5.0 -5.0 -5.0990195135927845 -5.385164807134504 -5.830951894845301 -6.4031242374328485 -7.0710678118654755 -7.810249675906654 -8.602325267042627 -9.433981132056603 -10.295630140987 -11.180339887498949 -12.083045973594572 -13.0 -13.92838827718412 -14.866068747318506 -15.811388300841896 -16.76305461424021 -17.72004514666935 -18.681541692269406 -19.6468827043885 -20.615528128088304 -21.587033144922902 -22.561028345356956 -23.53720459187964 -24.515301344262525 -25.495097567963924 -26.476404589747453 -27.459060435491963 -28.442925306655784 -29.427877939124322 -30.4138126514911 -31.400636936215164 -32.38826948140329 -33.37663853655727 -34.36568055487916 -35.35533905932738 -36.345563690772494 -37.33630940518894 -37.48332962798263 -37.656340767525464 -37.8549864614954 -38.07886552931954 -38.3275357934736 -38.600518131237564 -38.897300677553446 -39.21734310225516 -39.56008088970496 -39.92492955535426 -40.311288741492746 -40.718546143004666 -41.14608122288197 -41.593268686170845 -42.05948168962618 -42.5440947723653 -43.04648650006177 -43.56604182158393 -44.10215414239989 -44.654227123532216 -45.221676218380054 -45.803929962395145 -46.400431032480725 -47.01063709417264 -47.634021455258214 -48.27007354458868 -48.91829923454004 -49.57822102496216 -50.24937810560445 -50.93132631298737 -51.62363799656123 -52.32590180780452 -53.03772242470448 -53.75872022286245 -54.48853090330111 -55.226805085936306 -55.97320787662612 -56.72741841473134 -57.48912940721924 -58.25804665451803 -59.033888572581766 -59.81638571495272 -60.60528029800704 -61.40032573203501 -62.20128616033595 -63.00793600809346 -63.8200595424354 -64.63745044476924 -65.45991139621256 -66.2872536767062 -67.11929677819934 -67.95586803212802 -68.79680225126747 -69.6419413859206 -70.49113419430843 -71.34423592694787 
-15.524174696260024 -14.560219778561036 -13.601470508735444 -12.649110640673518 -11.704699910719626 -10.770329614269007 -9.848857801796104 -8.94427190999916 -8.06225774829855 -7.211102550927978 -6.4031242374328485 -5.656854249492381 -5.0 -4.47213595499958 -4.123105625617661 -4.0 -4.0 -4.123105625617661 -4.47213595499958 -5.0 -1.7976931348623157E308 -1.7976931348623157E308 -1.7976931348623157E308 -1.7976931348623157E308 -1.7976931348623157E308 -1.7976931348623157E308 -1.7976931348623157E308 -1.7976931348623157E308 -1.7976931348623157E308 -1.7976931348623157E308 -1.7976931348623157E308 -1.7976931348623157E308 -1.7976931348623157E308 -1.7976931348623157E308 -1.7976931348623157E308 -1.7976931348623157E308 -1.7976931348623157E308 -1.7976931348623157E308 -1.7976931348623157E308 -1.7976931348623157E308 -1.7976931348623157E308 -1.7976931348623157E308 -1.7976931348623157E308 -1.7976931348623157E308 -1.7976931348623157E308 -1.7976931348623157E308 -1.7976931348623157E308 -1.7976931348623157E308 -1.7976931348623157E308 -1.7976931348623157E308 -1.7976931348623157E308 -1.7976931348623157E308 -1.7976931348623157E308 -1.7976931348623157E308 -1.7976931348623157E308 -1.7976931348623157E308 -1.7976931348623157E308 -1.7976931348623157E308 -1.7976931348623157E308 -1.7976931348623157E308 -1.7976931348623157E308 -1.7976931348623157E308 -1.7976931348623157E308 -1.7976931348623157E308 -1.7976931348623157E308 -1.7976931348623157E308 -40.24922359499622 -40.70626487409524 -41.182520563948 -41.677331968349414 -42.190046219457976 -42.720018726587654 -43.266615305567875 -43.829214001622255 -44.40720662234904 -45.0 -45.60701700396552 -46.22769732530488 -46.861498055439924 -47.50789408087881 -48.16637831516918 -48.83646178829912 -49.51767361255979 -50.20956084253277 -50.91168824543142 -51.62363799656123 -52.3450093132096 -53.075418038862395 -53.81449618829484 -54.56189146281496 -55.31726674375732 -56.08029957123981 -56.85068161420758 -57.62811813689564 -58.412327466040935 -59.20304046246274 -60.0 -60.802960454241045 -61.61168720299745 -62.42595614005443 -63.245553203367585 -64.07027391856539 -64.89992295835181 -65.73431371817918 -66.57326790837296 -67.4166151627327 -68.26419266350405 -69.1158447825099 -69.9714227381436 -70.83078426785913 
-15.297058540778355 -14.317821063276353 -13.341664064126334 -12.36931687685298 -11.40175425099138 -10.44030650891055 -9.486832980505138 -8.54400374531753 -7.615773105863909 -6.708203932499369 -5.830951894845301 -5.0 -4.242640687119285 -3.605551275463989 -3.1622776601683795 -3.0 -3.0 -3.1622776601683795 -3.605551275463989 -4.242640687119285 -1.7976931348623157E308 -1.7976931348623157E308 -1.7976931348623157E308 -1.7976931348623157E308 -1.7976931348623157E308 -1.7976931348623157E308 -1.7976931348623157E308 -1.7976931348623157E308 -1.7976931348623157E308 -1.7976931348623157E308 -1.7976931348623157E308 -1.7976931348623157E308 -1.7976931348623157E308 -1.7976931348623157E308 -1.7976931348623157E308 -1.7976931348623157E308 -1.7976931348623157E308 -1.7976931348623157E308 -1.7976931348623157E308 -1.7976931348623157E308 -1.7976931348623157E308 -1.7976931348623157E308 -1.7976931348623157E308 -1.7976931348623157E308 -1.7976931348623157E308 -1.7976931348623157E308 -1.7976931348623157E308 -1.7976931348623157E308 -1.7976931348623157E308 -1.7976931348623157E308 -1.7976931348623157E308 -1.7976931348623157E308 -1.7976931348623157E308 -1.7976931348623157E308 -1.7976931348623157E308 -1.7976931348623157E308 -1.7976931348623157E308 -1.7976931348623157E308 -1.7976931348623157E308 -1.7976931348623157E308 -1.7976931348623157E308 -1.7976931348623157E308 -1.7976931348623157E308 -1.7976931348623157E308 -1.7976931348623157E308 -1.7976931348623157E308 -39.35733730830886 -39.824615503479755 -40.311288741492746 -40.8166632639171 -41.340053217188775 -41.88078318274385 -42.43819034784589 -43.01162633521314 -43.60045871318328 -44.204072210600685 -44.82186966202994 -45.45327270945405 -46.09772228646444 -46.75467891024384 -47.4236228055175 -48.104053883222775 -48.79549159502341 -49.49747468305833 -50.20956084253277 -50.93132631298737 -51.66236541235796 -52.40229002629561 -53.150729063673246 -53.907327887774215 -54.67174773134658 -55.44366510251645 -56.22277118748239 -57.0087712549569 -57.8013840664737 -58.60034129593445 -59.405386961116584 -60.21627686929839 -61.032778078668514 -61.85466837676846 -62.68173577685928 -63.51377803280167 -64.35060217278468 -65.19202405202648 -66.03786792439622 -66.88796603276258 -67.7421582177598 -68.60029154456998 -69.46221994724903 -70.32780389006896 
-15.132745950421556 -14.142135623730951 -13.152946437965905 -12.165525060596439 -11.180339887498949 -10.198039027185569 -9.219544457292887 -8.246211251235321 -7.280109889280518 -6.324555320336759 -5.385164807134504 -4.47213595499958 -3.605551275463989 -2.8284271247461903 -2.23606797749979 -2.0 -2.0 -2.23606797749979 -2.8284271247461903 -3.605551275463989 -1.7976931348623157E308 -1.7976931348623157E308 -6.324555320336759 -7.280109889280518 -8.246211251235321 -9.219544457292887 -10.198039027185569 -11.180339887498949 -12.165525060596439 -13.152946437965905 -14.142135623730951 -15.132745950421556 -16.1245154965971 -17.11724276862369 -18.110770276274835 -19.1049731745428 -20.09975124224178 -21.095023109728988 -22.090722034374522 -23.08679276123039 -24.08318915758459 -25.079872407968907 -26.076809620810597 -27.073972741361768 -28.071337695236398 -29.068883707497267 -30.066592756745816 -31.064449134018133 -32.0624390837628 -33.06055050963308 -34.058772731852805 -34.132096331752024 -34.23448553724738 -34.36568055487916 -34.52535300326414 -34.713109915419565 -34.92849839314596 -35.17101079013795 -35.4400902933387 -35.73513677041127 -36.05551275463989 -36.40054944640259 -36.76955262170047 -37.16180835212409 -1.7976931348623157E308 -1.7976931348623157E308 -38.47076812334269 -38.948684188300895 -39.44616584663204 -39.96248240537617 -40.496913462633174 -41.048751503547585 -41.617304093369626 -42.20189569201838 -42.80186911806539 -43.41658669218482 -44.04543109109048 -44.68780594300866 -45.34313619501854 -46.010868281309364 -46.69047011971501 -47.38143096192854 -48.08326112068523 -48.79549159502341 -49.51767361255979 -50.24937810560445 -50.99019513592785 -51.73973328110612 -52.49761899362675 -53.2634959423431 -54.037024344425184 -54.817880294662984 -55.60575509783138 -56.4003546088143 -57.201398584300364 -58.008620049092706 -58.82176467941097 -59.64059020499378 -60.4648658313239 -61.29437168288782 -62.12889826803627 -62.96824596572466 -63.812224534175265 -64.66065264130884 -65.5133574166368 -66.37017402418047 -67.23094525588644 -68.09552114493287 -68.96375859826666 -69.83552104767315 
-15.033296378372908 -14.035668847618199 -13.038404810405298 -12.041594578792296 -11.045361017187261 -10.04987562112089 -9.055385138137417 -8.06225774829855 -7.0710678118654755 -6.082762530298219 -5.0990195135927845 -4.123105625617661 -3.1622776601683795 -2.23606797749979 -1.4142135623730951 -1.0 -1.0 -1.4142135623730951 -2.23606797749979 -3.1622776601683795 -1.7976931348623157E308 -1.7976931348623157E308 -6.082762530298219 -7.0710678118654755 -8.06225774829855 -9.055385138137417 -10.04987562112089 -11.045361017187261 -12.041594578792296 -13.038404810405298 -14.035668847618199 -15.033296378372908 -16.0312195418814 -17.029386365926403 -18.027756377319946 -19.026297590440446 -20.024984394500787 -21.02379604162864 -22.02271554554524 -23.021728866442675 -24.020824298928627 -25.019992006393608 -26.019223662515376 -27.018512172212592 -28.0178514522438 -29.017236257093817 -30.01666203960727 -31.016124838541646 -32.01562118716424 -33.015148038438355 -33.06055050963308 -33.13608305156178 -33.24154027718932 -33.37663853655727 -33.54101966249684 -33.734255586866 -33.95585369269929 -34.20526275297414 -34.48187929913333 -34.785054261852174 -35.11409973215888 -35.4682957019364 -35.84689665786984 -36.24913792078372 -1.7976931348623157E308 -1.7976931348623157E308 -37.589892258425 -38.07886552931954 -38.58756276314948 -39.11521443121589 -39.66106403010388 -40.22437072223753 -40.80441152620633 -41.400483088968905 -42.01190307520001 -42.638011210655684 -43.278170016764804 -43.93176527297759 -44.598206241955516 -45.27692569068709 -45.967379738244816 -46.66904755831214 -47.38143096192854 -48.104053883222775 -48.83646178829912 -49.57822102496216 -50.32891812864648 -51.088159097779204 -51.85556864985669 -52.630789467763066 -53.41348144429457 -54.20332093147061 -55.0 -55.80322571321482 -56.61271941887264 -57.42821606144492 -58.249463516842795 -59.07622195096772 -59.90826320300064 -60.74537019394976 -61.587336360651285 -62.433965115151864 -63.28506932918696 -64.1404708432983 -65.0 -65.86349520030045 -66.73080248281148 -67.60177512462228 -68.47627326307996 -69.35416353759881 
-15.0 -14.0 -13.0 -12.0 -11.0 -10.0 -9.0 -8.0 -7.0 -6.0 -5.0 -4.0 -3.0 -2.0 -1.0 -0.0 -0.0 -1.0 -2.0 -3.0 -1.7976931348623157E308 -1.7976931348623157E308 -6.0 -7.0 -8.0 -9.0 -10.0 -11.0 -12.0 -13.0 -14.0 -15.0 -16.0 -17.0 -18.0 -19.0 -20.0 -21.0 -22.0 -23.0 -24.0 -25.0 -26.0 -27.0 -28.0 -29.0 -30.0 -31.0 -32.0 -32.01562118716424 -32.0624390837628 -32.14031735997639 -32.2490309931942 -32.38826948140329 -32.55764119219941 -32.7566787083184 -32.984845004941285 -33.24154027718932 -33.52610922848042 -33.83784863137726 -34.17601498127012 -34.539832078341085 -34.92849839314596 -35.34119409414458 -1.7976931348623157E308 -1.7976931348623157E308 -36.71511950137164 -37.21558813185679 -37.73592452822641 -38.27531841800928 -38.8329756778952 -39.408120990476064 -40.0 -40.607881008493905 -41.23105625617661 -41.86884283091664 -42.5205832509386 -43.18564576337837 -43.86342439892262 -44.553338819890925 -45.254833995939045 -45.967379738244816 -46.69047011971501 -47.4236228055175 -48.16637831516918 -48.91829923454004 -49.678969393496885 -50.44799302251776 -51.22499389946279 -52.009614495783374 -52.80151512977634 -53.600373133029585 -54.405882034941776 -55.21775076911409 -56.0357029044876 -56.859475903318 -57.688820407423826 -58.52349955359813 -59.36328831862332 -60.207972893961475 -61.05735008989499 -61.91122676865643 -62.76941930590086 -63.631753079732135 -64.4980619863884 -65.36818798161687 -66.24198064671678 -67.11929677819934 -68.0 -68.8839603971781 
-15.0 -14.0 -13.0 -12.0 -11.0 -10.0 -9.0 -8.0 -7.0 -6.0 -5.0 -4.0 -3.0 -2.0 -1.0 -0.0 -0.0 -1.0 -2.0 -3.0 -4.0 -5.0 -6.0 -7.0 -8.0 -9.0 -10.0 -11.0 -12.0 -13.0 -14.0 -15.0 -16.0 -17.0 -18.0 -19.0 -20.0 -21.0 -22.0 -23.0 -24.0 -25.0 -26.0 -27.0 -28.0 -29.0 -30.0 -31.0 -31.0 -31.016124838541646 -31.064449134018133 -31.144823004794873 -31.25699921617557 -31.400636936215164 -31.575306807693888 -31.78049716414141 -32.01562118716424 -32.28002478313795 -32.57299494980466 -32.89376840679705 -33.24154027718932 -33.61547262794322 -34.0147027033899 -34.438350715445125 -1.7976931348623157E308 -1.7976931348623157E308 -35.84689665786984 -36.359317925395686 -36.89173349139343 -37.44329045369811 -38.01315561749642 -38.600518131237564 -39.20459156782532 -39.824615503479755 -40.45985664828782 -41.10960958218893 -41.773197148410844 -42.44997055358225 -43.139309220245984 -43.840620433565945 -44.553338819890925 -45.27692569068709 -46.010868281309364 -46.75467891024384 -47.50789408087881 -48.27007354458868 -49.040799340956916 -49.8196748283246 -50.60632371551998 -51.40038910358559 -52.20153254455275 -53.009433122794285 -53.823786563191554 -54.644304369257 -55.47071299343465 -56.302753041036986 -57.14017850864661 -57.982756057296896 -58.83026432033091 -59.682493245507096 -60.53924347066124 -61.40032573203501 -62.26556030423239 -63.13477647065839 -64.00781202322104 -64.88451279003334 -65.76473218982953 -66.64833081180653 -67.53517601961218 -68.42514157822401 
-15.0 -14.0 -13.0 -12.0 -11.0 -10.0 -9.0 -8.0 -7.0 -6.0 -5.0 -4.0 -3.0 -2.0 -1.0 -0.0 -0.0 -1.0 -2.0 -3.0 -4.0 -5.0 -6.0 -7.0 -8.0 -9.0 -10.0 -11.0 -12.0 -13.0 -14.0 -15.0 -16.0 -17.0 -18.0 -19.0 -20.0 -21.0 -22.0 -23.0 -24.0 -25.0 -26.0 -27.0 -28.0 -29.0 -30.0 -30.0 -30.0 -30.01666203960727 -30.066592756745816 -30.14962686336267 -30.265491900843113 -30.4138126514911 -30.59411708155671 -30.805843601498726 -31.04834939252005 -31.32091952673165 -31.622776601683793 -31.953090617340916 -32.31098884280702 -32.69556544854363 -33.1058907144937 -33.54101966249684 -1.7976931348623157E308 -1.7976931348623157E308 -34.9857113690718 -35.510561809129406 -36.05551275463989 -36.61966684720111 -37.20215047547655 -37.8021163428716 -38.41874542459709 -39.05124837953327 -39.698866482558415 -40.36087214122113 -41.036569057366385 -41.72529209005013 -42.42640687119285 -43.139309220245984 -43.86342439892262 -44.598206241955516 -45.34313619501854 -46.09772228646444 -46.861498055439924 -47.634021455258214 -48.41487374764082 -49.20365840057018 -50.0 -50.80354318352215 -51.61395160225576 -52.43090691567332 -53.25410782277739 -54.08326913195984 -54.91812087098393 -55.758407437802596 -56.60388679233962 -57.4543296888929 -58.309518948453004 -59.16924876994806 -60.03332407921454 -60.90155991434045 -61.773780845922005 -62.64982043070834 -63.52952069707436 -64.41273166075166 -65.29931086925804 -66.18912297349165 -67.08203932499369 -67.97793759742936 
