<?xml version="1.0" encoding="UTF-8" standalone="yes"?>
<output>
    <distanceMap>-23.621650481330164 -22.953301696842303 -22.306782705417266 -21.6839282897238 -21.086739326248072 -20.517395512564278 -19.97826832417165 -19.471934238039893 -19.001188598459663 -18.569061316563626 -18.178837514265396 -17.834090875355894 -17.53874965488033 -17.297251911994227 -17.11498475962599 -17.0 -17.0 -17.11498475962599 -17.297251911994227 -17.53874965488033 -17.83691147550041 -18.189966064871037 -18.59548350273738 -19.05030898640312 -19.55085090646495 -20.09336416997071 -20.67415085639878 -21.28968339751628 -21.936671420414985 -22.612091343583252 -23.31319265664267 -24.037490304225045 -24.782749316763397 -25.546965599298467 -26.328345312265125 -27.12528431489683 -27.936348520283104 -28.76025561445138 -29.59585834244398 -30.442129410959918 -31.298147965995092 -32.163087552851046 -33.03620544031063 -33.91683318114988 -34.804368281199956 -35.698266854866546 -36.59803715370658 -37.50323386475265 -38.41345308567652 -39.328327894061964 -40.24752443757574 -41.170738480608655 -42.09769235086002 -43.02813223640224 -43.96182579001941 -44.89856000311529 -45.83813931630666 -46.78038393802301 -47.72512834611299 -48.67221995063595 -49.62151789879147 -50.572892005358895 -51.52622179408925 -52.48139563733227 -53.43830998273338 -54.396868657227515 -55.356982239737846 -56.31856749502371 -57.28154686203429 -58.245847990910285 -59.211403323459876 -60.17814971253379 -61.1460280762738 -62.11498308363372 -63.084962868002194 -64.05591876611618 -65.02780507973159 -66.00057885783438 -66.57218923368671 -66.87811249488252 -67.2023864206862 -67.54455723791541 -67.90417467518706 -68.28079229684526 -68.67396794745287 -69.08326425118614 -69.50824912874309 -69.94849630666452 -70.40358580237098 -70.87310437408094 -71.35664592897481 -71.85381188589213 -72.36421149102657 -72.88746208656818 -73.42318933334977 -73.97102738928798 -74.53061904595697 -75.10161582592151 -75.68367804368708 -76.2764748331889 -76.87968414476953 -77.49299271453879 -78.11609600893905 -78.74869814720702 -79.39051180427961 -80.0412580966021 -80.70066645301908 -81.36847447291262 -82.04442777347114 -82.72827982789384 
-22.877802444246356 -22.190403804771027 -21.52444494149992 -20.88182770880979 -20.26463980561814 -19.675171151282985 -19.115930923138208 -18.589665263851 -18.0993759725549 -17.64834128087419 -17.240141740885804 -16.878699037685145 -16.56834827391425 -16.31400286665142 -16.121617503746425 -16.0 -16.0 -16.121617503746425 -16.31400286665142 -16.56834827391425 -16.882396138418606 -17.25436334099496 -17.68139619422343 -18.15972840082532 -18.68513860652886 -19.25331693384627 -19.86009506907949 -20.501571926450616 -21.174171257644034 -21.87465800599448 -22.6001309841163 -23.3480028730802 -24.115974239072205 -24.90200554355244 -25.704289430020605 -26.521224528050887 -27.351391381048767 -28.19353072512746 -29.046524126350363 -29.909376861840737 -30.781202868875855 -31.661211561106246 -32.54869630747539 -33.443024377871275 -34.343628174221216 -35.24999758311458 -36.16167330400686 -37.078241024445546 -37.999326329887346 -38.92459025031097 -39.85372535886552 -40.78645234925966 -41.722517028609 -42.661687671164266 -43.6037526858438 -44.548518556976475 -45.49580802322479 -46.445458464451654 -47.39732047039575 -48.35125656854654 -49.307140091643504 -50.264854167823955 -51.22429081866822 -52.18535015233975 -53.14793964064267 -54.111973470269945 -55.07737195974224 -56.044061034592936 -57.011971754294684 -57.981039885203074 -58.95120551450144 -59.9224127007177 -60.89460915693115 -61.86774596321359 -62.8417773052822 -63.8166602366599 -64.79235446196142 -65.32161230761716 -65.61429325196983 -65.92605632098427 -66.2564231967477 -66.60491947162758 -66.9710748419377 -67.35442348958877 -67.75450456712251 -68.17086273006169 -68.60304867920232 -69.05061968800734 -69.51314009886183 -69.9901817779168 -70.48132452246772 -70.98615641781426 -71.5042741426805 -72.035283223732 -72.5787982408718 -73.13444298561852 -73.7018505754028 -74.2806635268995 -74.87053379163302 -75.47112275716464 -76.08210121715416 -76.70314931344677 -77.33395645329342 -77.97422120457945 -78.62365117183433 -79.28196285558546 -79.9488814974058 -80.62414091289577 -81.30748331459736 -81.99865912666665 
-22.15152211927009 -21.444415338083544 -20.758257567387282 -20.095011915784568 -19.456848554392685 -18.846165501588978 -18.26561071530178 -17.71810550638149 -17.206869554146305 -16.735448551385538 -16.307747418561274 -15.928076923789783 -15.601234829790823 -15.332683411968105 -15.129040462513645 -15.0 -15.0 -15.129040462513645 -15.332683411968105 -15.601234829790823 -15.932988987192001 -16.326117468282614 -16.77716008442499 -17.281549432660263 -17.834289550736568 -18.430411478543597 -19.06522382503866 -19.734429539759997 -20.43416440654189 -21.160992597427327 -21.91188033354252 -22.684159790946033 -23.475490062049623 -24.283818849764003 -25.107346748087448 -25.94449491583533 -26.793876362252355 -27.654270745938994 -28.52460242966556 -29.403921466324142 -30.29138717552089 -31.186253982370108 -32.08785921591002 -32.9956125960618 -33.90898717063371 -34.82751149503214 -35.750762875888505 -36.67836152528411 -37.609965494543616 -38.545266275900204 -39.483984976906974 -40.425868986650656 -41.37068906486109 -42.31823679525585 -43.268322353112694 -44.2207725444256 -45.175429080196984 -46.13214705470453 -47.090793601034825 -48.051246700967035 -49.01339412950814 -49.97713251711436 -50.94236651496809 -51.90900805065655 -52.87697566331554 -53.846193908727784 -54.816592826134645 -55.788107459574476 -56.760677427485376 -57.734246535096815 -58.70876242483315 -59.684176260514924 -60.66044244169099 -61.637518344848395 -62.61536408864715 -63.59394232065875 -64.08104655134592 -64.35963133317709 -64.65808309472857 -64.97589644559567 -65.3125705984034 -65.66760930610309 -66.04052111173593 -66.43081977893003 -66.83802481753791 -67.26166204805905 -67.70126416759976 -68.15637129294103 -68.62653146505397 -69.11130110544535 -69.61024541901172 -70.12293874107266 -70.64896482834986 -71.1879170951657 -71.73939879713663 -72.30302316528862 -72.87841349398407 -73.46520318624421 -74.06303576018892 -74.67156482025085 -75.29045399684131 -75.91937685789078 -76.55801679563973 -77.20606689178659 -77.86322976391077 -78.52921739592685 -79.20375095502041 -79.88656059741005 -80.57738526499453 -81.27597247478221 
-21.444415338083544 -20.716962581051693 -20.009855799865147 -19.325110932425606 -18.66497343228164 -18.03194431535083 -17.428808441042783 -16.85866510638726 -16.324961260639505 -15.831528344187538 -15.382625634470118 -14.982997961167952 -14.637969479025305 -14.353638188734033 -14.137401133405376 -14.0 -14.0 -14.137401133405376 -14.353638188734033 -14.637969479025305 -14.989623109577693 -15.406633919025017 -15.884657670745622 -16.418073095180922 -17.000935867196834 -17.627517558285415 -18.292557477423223 -18.991352349029384 -19.71976177762061 -20.474173275527892 -21.251450467658167 -22.04887683062626 -22.86410114978919 -23.695087526533854 -24.540070976806067 -25.397518732408287 -26.266096902172237 -27.144641955033048 -28.032136430532997 -28.927688296784364 -29.830513423827046 -30.739920701066172 -31.655299390159108 -32.576108363874546 -33.50186693467808 -34.43214702332471 -35.36656645770289 -36.30478322607493 -37.246490537414765 -38.191412565457306 -39.13930077306216 -40.08993073013656 -41.04309935224784 -41.99862249860388 -42.95633287772652 -43.91607821715985 -44.87771966027694 -45.84113035887038 -46.806194234891514 -47.77280488867798 -48.74086463431204 -49.71028364555278 -50.68097919815932 -51.65287499640117 -52.62590057326462 -53.599990755294094 -54.575085184236166 -55.551127888701416 -56.52806689995645 -57.505853906706456 -58.4844439444252 -59.46379511530925 -60.44386833545378 -61.42462710625817 -62.40603730743097 -62.851405956145534 -63.114956996414335 -63.39921969261219 -63.70365837479034 -64.02774314891326 -64.37094938218637 -64.73275770502707 -65.11265431891536 -65.5101314764157 -65.92468804693588 -66.35583011170628 -66.80307155100996 -67.26593459981646 -67.7439503568509 -68.23665923830406 -68.74361137170023 -69.26436692840181 -69.79849639536495 -70.3455807881648 -70.9052118082718 -71.47699194818715 -72.06053454839068 -72.65546381023807 -73.26141476898798 -73.87803323105022 -74.50497567944528 -75.14190915126194 -75.78851109071627 -76.44446918112389 -77.10948115893571 -77.78325461267038 -78.46550676936245 -79.15596427093611 -79.85436294261739 -80.560447555356 
-20.758257567387282 -20.009855799865147 -19.28107293335744 -18.573966152170893 -17.890845447309076 -17.234305852685768 -16.607263203123573 -16.012993654206234 -15.45517740417762 -14.93794770585183 -14.465948088802602 -14.044405745927273 -13.6792433881311 -13.377297297496378 -13.146885647136298 -13.0 -13.0 -13.146885647136298 -13.377297297496378 -13.6792433881311 -14.053492924123036 -14.497732392563515 -15.006310761608388 -15.572219688866054 -16.18836526165051 -16.84816180871246 -17.5457496668365 -18.27603023458246 -19.034619672404894 -19.817771499307593 -20.622292167550707 -21.44546056001065 -22.28495582308313 -23.138794760389175 -24.005278522889487 -24.882947700953014 -25.770544722266397 -26.666982463246647 -27.571318075910607 -28.482731158563542 -29.400505528573092 -30.324013975820616 -31.252705481170473 -32.186094474474075 -33.123751782132935 -34.06529697675534 -35.01039189283832 -35.95873511447049 -36.91005727543051 -37.8641170400984 -38.820697656499696 -39.77960399150101 -40.740659973490146 -41.70370638039734 -42.668598921231315 -43.635206567759624 -44.60341009996393 -45.57310083468435 -46.544179511643954 -47.51655531504855 -48.49014501225742 -49.46487219381328 -50.440666601423224 -51.417463532449744 -52.39520331110212 -53.37383081791723 -54.35329507028356 -55.33354884775527 -56.31454835675833 -57.29625293001324 -58.278624756601374 -59.261628639139126 -60.245231774985164 -61.229403558779104 -61.633720000653945 -61.88120372232357 -62.1503115438396 -62.44047326130242 -62.75112643895132 -63.08171510536471 -63.43168931093757 -63.800505197644206 -64.18762536652778 -64.59251940736584 -65.01466450337352 -65.45354605444763 -65.90865828245529 -66.37950479546174 -66.86559909680261 -67.36646503116607 -67.88163716417206 -68.41066109489465 -68.95309370284377 -69.50850333227758 -70.07646991761375 -70.65658505426406 -71.24845201948831 -71.85168574796225 -72.46591276673497 -73.0907710941206 -73.7259101068503 -74.37099037961494 -75.02568350082846 -75.68967186817872 -76.36264846725204 -77.04431663621617 -77.7343898192847 -78.43259131144562 -79.13865399661007 -79.85232008120157 
-20.095011915784568 -19.325110932425606 -18.573966152170893 -17.843660666371235 -17.13655388518469 -16.455320926239903 -15.80299726251091 -15.183029178337563 -14.599330782889746 -14.056348952730332 -13.55913936963239 -13.113461895607204 -12.725918386701707 -12.40420404843012 -12.15773216730351 -12.0 -12.0 -12.15773216730351 -12.40420404843012 -12.725918386701707 -13.126164888954335 -13.601824308729132 -14.145295057605427 -14.747751929611601 -15.400732966008643 -16.09671752169913 -16.82925041338406 -17.59288289149133 -18.383050746791938 -19.195940962891967 -20.028367513769176 -20.877663239080928 -21.74158881701903 -22.618257471484736 -23.506073265181296 -24.40368074624245 -25.309923915359114 -26.223812770525903 -27.144495982213698 -28.071238518569782 -29.003403267494935 -29.94043589007738 -30.881852292036204 -31.82722822197944 -32.776190602778584 -33.728410279952044 -34.68359593265232 -35.641488941941525 -36.60185905014948 -37.5645006763241 -38.52922977778007 -39.49588116779175 -40.464306215631275 -41.43437086817771 -42.40595394290002 -43.37894565058009 -44.353246313162906 -45.32876524784316 -46.305419793194794 -47.28313445703844 -48.261840168925545 -49.24147362278904 -50.221976697504665 -51.203295944946085 -52.18538213666683 -53.16818986162644 -54.15167716845916 -55.135805246711215 -56.12053814224447 -57.10584250264914 -58.09168734909312 -59.078043871480816 -60.06488524423418 -60.42915420487053 -60.65942568205287 -60.91231167079868 -61.18720148761622 -61.48349563475132 -61.80060310771945 -62.137940167343 -62.494929973949944 -62.871002727656965 -63.265596096469444 -63.67815579495871 -64.1081362258699 -64.55500112839877 -65.01822419734918 -65.4972896509599 -65.99169273442601 -66.50094015238314 -67.02455042796934 -67.56205418900616 -68.11299438381481 -68.67692643052352 -69.25341830444313 -69.84205056866676 -70.44241635310878 -71.05412128734942 -71.67678339241863 -72.31003293654234 -72.95351225955261 -73.60687557038091 -74.26978872175191 -74.94192896582315 -75.62298469424542 -76.31265516571037 -77.01065022384596 -77.71669000795092 -78.43050465881693 -79.15183402159326 
-19.456848554392685 -18.66497343228164 -17.890845447309076 -17.13655388518469 -16.404487183546603 -15.697380402360055 -15.01837023353067 -14.37105862274359 -13.759586338361045 -13.188718483881017 -12.663945765350903 -12.191610482034918 -11.779081608502635 -11.435054105534864 -11.17025023663456 -11.0 -11.0 -11.17025023663456 -11.435054105534864 -11.779081608502635 -12.209757371834044 -12.72219477513017 -13.305866951621455 -13.949600491993063 -14.64335870838838 -15.378660770292722 -16.14851877565912 -16.94723171757469 -17.770160250496208 -18.61352401896869 -19.474232117503302 -20.34974584879424 -21.237969321978998 -22.13716281315116 -23.045874268590786 -23.962885090702358 -24.887167107691404 -25.817848288825836 -26.754185306320675 -27.695541471325402 -28.641368903295515 -29.591194048059368 -30.54460585673577 -31.50124608890482 -32.460801319784615 -33.42299632086891 -34.38758855288794 -35.35436356383216 -36.32313112678841 -37.29372198522045 -38.26598509919435 -39.23978530646646 -40.2150013285594 -41.19152406486328 -42.1692551281305 -43.14810558303071 -44.12799485614217 -45.10884979117931 -46.090603827672915 -47.07319628493619 -48.05657173608494 -49.04067945934909 -50.025472955876786 -51.01090952494274 -51.996949888814456 -52.98355786071874 -53.970700050294425 -54.958345601735225 -55.94646596050579 -56.93503466510248 -57.924027160793095 -58.91342063271254 -59.23903655647723 -59.45081958285308 -59.68629925306423 -59.94481558465873 -60.22572575281563 -60.52839889704645 -60.85221349865141 -61.19655623493054 -61.560821694370425 -61.94441258961363 -62.34674024635457 -62.76722522944797 -63.20529801830778 -63.66039967585803 -64.13198247614967 -64.61951046964072 -65.12245997442479 -65.64031998802358 -66.17259251862136 -66.7187928375406 -67.27844965658798 -67.85110523516936 -68.43631542273062 -69.03364964244422 -69.64269082214712 -70.26303527848069 -70.89429255994202 -71.53608525429017 -72.18804876541435 -72.84983106438297 -73.5210924190099 -74.2015051059324 -74.89075310876035 -75.58853180550709 -76.29454764821726 -77.00851783731818 -77.73016999295513 -78.45924182527808 
-18.846165501588978 -18.03194431535083 -17.234305852685768 -16.455320926239903 -15.697380402360055 -14.96325153722373 -14.256144756037182 -13.579792772708332 -12.938544382842753 -12.337476101309242 -11.782526807003176 -11.280665956554785 -10.840122036848058 -10.470751813193187 -10.184849375600875 -10.0 -10.0 -10.184849375600875 -10.470751813193187 -10.840122036848058 -11.307250647826477 -11.863470193146403 -12.493877548741096 -13.184350775233467 -13.92315072649425 -14.70092123495541 -15.510303567776003 -16.345519463738597 -17.20201534846524 -18.076180968368973 -18.96513333620756 -19.86655260968476 -20.778557674669567 -21.69961159851054 -22.628449436132662 -23.564022768427883 -24.505456807763775 -25.452016990161887 -26.403082771911425 -27.358126933097182 -28.31669911884847 -29.278412663744138 -30.242933976911466 -31.209973937480516 -32.17928087844688 -33.150634833341066 -34.123842792867414 -35.09873477395565 -36.07516054594475 -37.05298689112809 -38.03209530205653 -39.01238003758107 -39.99374647493188 -40.976109707214476 -41.95939334522986 -42.94352849012547 -43.92845284943371 -44.91410997395053 -45.90044859680009 -46.887422059245594 -47.87498781037147 -48.86310696989158 -49.85174394507076 -50.84086609417328 -51.83044343003087 -52.820448358312476 -53.81085544588324 -54.80164121532572 -55.79278396226638 -56.78426359263509 -57.77606147737919 -58.06489291080093 -58.256752758088716 -58.47350287382887 -58.71441997819717 -58.978808697365245 -59.26599168682312 -59.57530448002263 -59.906092944077976 -60.2577122223423 -60.629526534360174 -61.02090946288064 -61.43124450271513 -61.8599257314904 -62.306358514414086 -62.769960188135705 -63.250160690033155 -63.7464031133759 -64.25814417818118 -64.7848546139044 -65.32601945433811 -65.88113824786039 -66.44972518796493 -67.03130917008957 -67.62543378132196 -68.23165722978676 -68.8495522204977 -69.4787057842655 -70.11871906593636 -70.76920707786311 -71.42979842406325 -72.1001350001187 -72.77987167335706 -73.46867594748342 -74.16622761535396 -74.8722184031705 -75.58635160908504 -76.30834173870215 -77.03791413977241 -77.77480463801132 
-18.26561071530178 -17.428808441042783 -16.607263203123573 -15.80299726251091 -15.01837023353067 -14.256144756037182 -13.519566182735492 -12.812459401548944 -12.13934670958893 -11.505591926228872 -10.917578434678463 -10.382934897267287 -9.910839712752146 -9.512493081858725 -9.202082511924672 -9.0 -9.0 -9.202082511924672 -9.512493081858725 -9.910839712752146 -10.423061267204098 -11.03243480436679 -11.717613053860612 -12.460992825462183 -13.249225929490095 -14.0723728786867 -14.923021489624514 -15.795597280942342 -16.685861495969537 -17.590553056302312 -18.50713367713107 -19.43360539188126 -20.368378736348458 -21.310176534119687 -22.25796290277218 -23.21089030050961 -24.168259610889972 -25.129489749299097 -26.094094295127505 -27.061663359980724 -28.031849395829305 -29.004355995216702 -29.978928983688895 -30.955349283013177 -31.933427153247447 -32.91299751659309 -33.893916136051494 -34.876056474138295 -35.859307096133726 -36.84356951203623 -37.828756374036885 -38.81478996369632 -39.80160091645552 -40.789127141556556 -41.777312903637785 -42.76610803870571 -43.75546728228809 -44.74534969162907 -45.73571814705168 -46.726538920204334 -47.71778129904317 -48.70941726109366 -49.70142118794852 -50.693769615101715 -51.68644101214478 -52.679415589150075 -53.6726751256878 -54.66620281947371 -55.65998315207841 -56.65400176951509 -56.9084973524103 -57.078800753772114 -57.2753304234137 -57.497275755107424 -57.74387428178549 -58.01439249821809 -58.30811594823998 -58.62434412545339 -58.96238801559266 -59.321569133304585 -59.70121940987021 -60.10068155455362 -60.51930966124724 -60.95646991956852 -61.4115413429595 -61.88391646002537 -62.37300193702551 -62.87821911371063 -63.39900444414873 -63.93480984043599 -64.48510292133483 -65.0493671705323 -65.62710201083966 -66.21782280158914 -66.82106076690184 -67.436362862567 -68.0632915891205 -68.70142475838304 -69.35035522029924 -70.00969055642321 -70.6790527458711 -71.35807780905904 -72.04641543399725 -72.74372858943507 -73.44969312863807 -74.1639973871617 -74.8863417775755 -75.61643838364569 -76.3540105562202 -77.09879251267432 
-17.71810550638149 -16.85866510638726 -16.012993654206234 -15.183029178337563 -14.37105862274359 -13.579792772708332 -12.812459401548944 -12.072919474349366 -11.365812693162818 -10.696740806581586 -10.072500753098572 -9.501387316726344 -8.993604758307079 -8.561890495036451 -8.222714012138107 -8.0 -8.0 -8.222714012138107 -8.561890495036451 -8.993604758307079 -9.564207915836823 -10.23955152657246 -10.989237624277354 -11.792123245369305 -12.633849155704697 -13.50454447148235 -14.397286822031123 -15.307118531756648 -16.23041706748012 -17.16448594813422 -18.10728374838139 -19.057240991641535 -20.01313403973254 -20.973996659479102 -21.93905696147227 -22.907691727555726 -23.879392853470566 -24.853742363066768 -25.830393574296142 -26.809056739443836 -27.789487980079848 -28.771480676326995 -29.754858704222897 -30.73947107876957 -31.725187676302962 -32.711895792941874 -33.69949735609444 -34.68790665005581 -35.67704844929815 -36.666856477310006 -37.657272127118624 -38.64824339344424 -39.639723977039914 -40.63167252987927 -41.624052016193936 -42.61682916925358 -43.60997402767374 -44.60345953806884 -45.59726121329604 -46.59135683748269 -47.585726210562584 -48.58035092633165 -49.57521417901297 -50.570300594179386 -51.56559608054603 -52.56108769970112 -53.556763551302645 -54.552612671658245 -55.5486249439029 -55.771950584537564 -55.91880065805494 -56.093409079622134 -56.294832545317604 -56.52221664421198 -56.77475655589259 -57.051677641898756 -57.352225507391296 -57.67566096446842 -58.02125766949847 -58.388301259284 -58.776089328474725 -59.18393186408963 -59.61115190607171 -60.05708629255304 -60.52108640327232 -61.00251884896853 -61.5007660766137 -62.01522687482217 -62.545316773158774 -63.09046833529196 -63.65013134989433 -64.22377292571332 -64.8108774986514 -65.41094675945097 -66.02349951081916 -66.64807146272307 -67.2842149742613 -67.93149875006341 -68.58950749861125 -69.25784155925739 -69.93611650409927 -70.62396272028693 -71.32102497769658 -72.0269619863836 -72.74144594764067 -73.46416210207371 -74.19480827756333 -74.93309443964264 -75.67874224640515 -76.43148460972337 
-17.206869554146305 -16.324961260639505 -15.45517740417762 -14.599330782889746 -13.759586338361045 -12.938544382842753 -12.13934670958893 -11.365812693162818 -10.622615000360572 -9.915508219174024 -9.251629604382112 -8.639902045021001 -8.09159433991453 -7.62116773383169 -7.24783018890718 -7.0 -7.0 -7.24783018890718 -7.62116773383169 -8.09159433991453 -8.742981980653884 -9.50204830119748 -10.327444034924893 -11.195990139893885 -12.093944078982807 -13.01272167099128 -13.946719295974557 -14.892141110710682 -15.846333985412075 -16.80739306638837 -17.77391862145737 -18.74486103713484 -19.719419074824206 -20.696971342994186 -21.677029074565443 -22.659202915062256 -23.64317913266639 -24.62870229296952 -25.615562450842447 -26.603585551237202 -27.592626144303402 -28.582561792895216 -29.573288733546164 -30.56471847681619 -31.556775119326936 -32.54939320047464 -33.54251597994047 -34.53609404316572 -35.53008416454771 -36.524448374722354 -37.51915319063872 -38.51416897636098 -39.50946940954548 -40.50503103383839 -41.50083288154871 -42.49685615410597 -43.49308395027934 -44.489501034063665 -45.48609363566974 -46.48284928025818 -47.479756640020355 -48.476805405998356 -49.47398617664001 -50.47129036061163 -51.4687100917855 -52.466238154665696 -53.46386791880285 -54.46159328094505 -54.657819881395525 -54.77893374579442 -54.92964189632537 -55.10877112630175 -55.3153282893458 -55.548411493491706 -55.80717007758289 -56.09078497769237 -56.39845877461684 -56.72941073059508 -57.08287452947911 -57.45809751644181 -57.85434076547379 -58.27087958401866 -58.70700422138339 -59.16202063967944 -59.63525126214797 -60.12603564876918 -60.63373107147043 -61.15771297574712 -61.69737532489659 -62.25213082909054 -62.8214110653074 -63.40466649643097 -64.00136639901376 -64.61099870973473 -65.23306980060482 -65.86710419266987 -66.51264421747327 -67.16924963488934 -67.83649721526045 -68.5139802930384 -69.20130829837424 -69.8981062724418 -70.60401437157314 -71.31868736466646 -72.04179412772838 -72.77301713889756 -73.51205197679297 -74.25860682457528 -75.01240198177332 -75.77316938548518 
-16.735448551385538 -15.831528344187538 -14.93794770585183 -14.056348952730332 -13.188718483881017 -12.337476101309242 -11.505591926228872 -10.696740806581586 -9.915508219174024 -9.16766787202634 -8.460561090839793 -7.803625379962799 -7.209155215504603 -6.693472160084702 -6.279026701368952 -6.0 -6.0 -6.279026701368952 -6.693472160084702 -7.209155215504603 -7.984236870954969 -8.851034997941438 -9.762889447002236 -10.700381762701584 -11.653854629808306 -12.617946119034068 -13.589440082297681 -14.566292077842652 -15.547141809931135 -16.531050085885944 -17.51734825801178 -18.505547800061606 -19.495283778239482 -20.486278289014052 -21.47831610873936 -22.47122805758442 -23.464879376106136 -24.45916144094261 -25.453985754493917 -26.449279514134243 -27.444982298284934 -28.441043555034263 -29.437420675974266 -30.4340775025404 -31.430983155949818 -32.42811111202513 -33.42543846328396 -34.422945325637755 -35.42061435777125 -36.41843036906789 -37.416379997667754 -38.414451444483 -39.41263425217304 -40.41091912048145 -41.409297751152096 -42.40776271706547 -43.406307351293876 -44.40492565264307 -45.40361220489377 -46.402362107485025 -47.40117091579716 -48.40003458952606 -49.398949447890786 -50.39791213065414 -51.396919564093544 -52.39596893120174 -53.395057645526336 -53.5694496785622 -53.661872164727555 -53.78629512481973 -53.94106359726977 -54.124945573184135 -54.33689375479841 -54.575954697564974 -54.841228052842624 -55.13184671667838 -55.446966875184124 -55.78576312537672 -56.147426325205 -56.531162939432946 -56.936195195535674 -57.361761652920045 -57.80711795041154 -58.271537591507546 -58.75431268429086 -59.25475458857824 -59.77219444556896 -60.30598357975825 -60.85549377211796 -61.4201174093872 -61.999267517833225 -62.59237769183896 -63.198901928611285 -63.81831438055673 -64.4501090366438 -65.0937993435473 -65.74891777667295 -66.41501537033872 -67.09166121553461 -67.7784419328401 -68.4749611271953 -69.1808388304539 -69.89571093689433 -70.61922863611873 -71.35105784721785 -72.09087865740494 -72.83838476787136 -73.59328294912196 -74.35529250764979 -75.1241447654223 
-16.307747418561274 -15.382625634470118 -14.465948088802602 -13.55913936963239 -12.663945765350903 -11.782526807003176 -10.917578434678463 -10.072500753098572 -9.251629604382112 -8.460561090839793 -7.7066144934109415 -6.999507712224394 -6.35237578860828 -5.783398008298223 -5.318743357806675 -5.0 -5.0 -5.318743357806675 -5.783398008298223 -6.35237578860828 -7.35237578860828 -8.352375788608281 -9.352375788608281 -10.352375788608281 -11.352375788608281 -12.352375788608281 -13.352375788608281 -14.352375788608281 -15.352375788608281 -16.35237578860828 -17.35237578860828 -18.35237578860828 -19.35237578860828 -20.35237578860828 -21.35237578860828 -22.35237578860828 -23.35237578860828 -24.35237578860828 -25.35237578860828 -26.35237578860828 -27.35237578860828 -28.35237578860828 -29.35237578860828 -30.35237578860828 -31.35237578860828 -32.352375788608285 -33.352375788608285 -34.352375788608285 -35.352375788608285 -36.352375788608285 -37.352375788608285 -38.352375788608285 -39.352375788608285 -40.352375788608285 -41.352375788608285 -42.352375788608285 -43.352375788608285 -44.352375788608285 -45.352375788608285 -46.352375788608285 -47.352375788608285 -48.352375788608285 -49.352375788608285 -50.352375788608285 -51.352375788608285 -52.352375788608285 -52.5119806162994 -52.57110239084893 -52.66615228240575 -52.79406585342985 -52.953112829298135 -53.14199724344683 -53.35961284927007 -53.604950132363044 -53.87705480752841 -54.17500775832123 -54.49791509276987 -54.84490335853732 -55.215117508401306 -55.6077203527499 -56.0218927994345 -56.456834478862625 -56.911764518360116 -57.38592232686636 -57.87856830960855 -58.38898446872363 -58.9164748686056 -59.46036595918543 -60.02000675935593 -60.59476890830609 -61.184046595698604 -61.787256383283086 -62.40383693113734 -63.03324864166914 -63.67497323400033 -64.32851326057039 -64.99339157687616 -65.6691507742385 -66.35535258447138 -67.05157726432368 -67.75742296661026 -68.47250510399368 -69.1964557106456 -69.92892280613538 -70.66956976531095 -71.418074697241 -72.1741298357743 -72.93744094380183 -73.7077267328367 -74.4847182991918 
-15.928076923789783 -14.982997961167952 -14.044405745927273 -13.113461895607204 -12.191610482034918 -11.280665956554785 -10.382934897267287 -9.501387316726344 -8.639902045021001 -7.803625379962799 -6.999507712224394 -6.2371296738228965 -5.530022892636349 -4.897906023141617 -4.370902299477738 -4.0 -4.0 -4.370902299477738 -4.897906023141617 -5.530022892636349 -1.7976931348623157E308 -1.7976931348623157E308 -1.7976931348623157E308 -1.7976931348623157E308 -1.7976931348623157E308 -1.7976931348623157E308 -1.7976931348623157E308 -1.7976931348623157E308 -1.7976931348623157E308 -1.7976931348623157E308 -1.7976931348623157E308 -1.7976931348623157E308 -1.7976931348623157E308 -1.7976931348623157E308 -1.7976931348623157E308 -1.7976931348623157E308 -1.7976931348623157E308 -1.7976931348623157E308 -1.7976931348623157E308 -1.7976931348623157E308 -1.7976931348623157E308 -1.7976931348623157E308 -1.7976931348623157E308 -1.7976931348623157E308 -1.7976931348623157E308 -1.7976931348623157E308 -1.7976931348623157E308 -1.7976931348623157E308 -1.7976931348623157E308 -1.7976931348623157E308 -1.7976931348623157E308 -1.7976931348623157E308 -1.7976931348623157E308 -1.7976931348623157E308 -1.7976931348623157E308 -1.7976931348623157E308 -1.7976931348623157E308 -1.7976931348623157E308 -1.7976931348623157E308 -1.7976931348623157E308 -1.7976931348623157E308 -1.7976931348623157E308 -1.7976931348623157E308 -1.7976931348623157E308 -1.7976931348623157E308 -1.7976931348623157E308 -51.5119806162994 -51.57285161285093 -51.670679772431086 -51.80228053475055 -51.96584181307836 -52.15999791651625 -52.38357829655094 -52.635512348116194 -52.91478714946591 -53.22042720168226 -53.551484507169825 -53.907033888184934 -54.28617107117237 -54.688012243287844 -55.11169436809849 -55.556375853774 -56.02123733788561 -56.50548245235322 -57.008338491866354 -57.529056945896954 -58.06691387725074 -58.62121014434119 -59.1912714730402 -59.77644838911152 -60.376116024955834 -60.98967381566947 -61.61654509959905 -62.25617663815572 -62.908038068815095 -63.571621304165404 -64.24643988867588 -64.93202832363731 -65.62794136952151 -66.33375333384889 -67.04905735157581 -67.77346466396665 -68.50660390110338 -69.2481203722203 -69.99767536746104 -70.75494547387788 -71.51962190801692 -72.2914098668713 -73.07002789858203 -73.85520729387741 
-15.601234829790823 -14.637969479025305 -13.6792433881311 -12.725918386701707 -11.779081608502635 -10.840122036848058 -9.910839712752146 -8.993604758307079 -8.09159433991453 -7.209155215504603 -6.35237578860828 -5.530022892636349 -4.755149829934991 -4.048043048748443 -3.4422304068040503 -3.0 -3.0 -3.4422304068040503 -4.048043048748443 -4.755149829934991 -1.7976931348623157E308 -1.7976931348623157E308 -1.7976931348623157E308 -1.7976931348623157E308 -1.7976931348623157E308 -1.7976931348623157E308 -1.7976931348623157E308 -1.7976931348623157E308 -1.7976931348623157E308 -1.7976931348623157E308 -1.7976931348623157E308 -1.7976931348623157E308 -1.7976931348623157E308 -1.7976931348623157E308 -1.7976931348623157E308 -1.7976931348623157E308 -1.7976931348623157E308 -1.7976931348623157E308 -1.7976931348623157E308 -1.7976931348623157E308 -1.7976931348623157E308 -1.7976931348623157E308 -1.7976931348623157E308 -1.7976931348623157E308 -1.7976931348623157E308 -1.7976931348623157E308 -1.7976931348623157E308 -1.7976931348623157E308 -1.7976931348623157E308 -1.7976931348623157E308 -1.7976931348623157E308 -1.7976931348623157E308 -1.7976931348623157E308 -1.7976931348623157E308 -1.7976931348623157E308 -1.7976931348623157E308 -1.7976931348623157E308 -1.7976931348623157E308 -1.7976931348623157E308 -1.7976931348623157E308 -1.7976931348623157E308 -1.7976931348623157E308 -1.7976931348623157E308 -1.7976931348623157E308 -1.7976931348623157E308 -1.7976931348623157E308 -50.5119806162994 -50.57470597128427 -50.6754764508967 -50.81097773572438 -50.97930863663083 -51.17902727093192 -51.40889280180789 -51.66776794298566 -51.954575930343076 -52.268280070991985 -52.6078738562745 -52.972376390670334 -53.3608305951981 -53.77230286122809 -54.20588342915178 -54.66068708176779 -55.13585391778457 -55.630550072614774 -56.14396831449667 -56.67532848108335 -57.22387774433951 -57.78889070548988 -58.369669329956075 -58.96554273683268 -59.5758668596818 -60.200023996157206 -60.83742226372245 -61.48749497785445 -62.14969996795333 -62.823518844763974 -63.50845623167558 -64.20403897079737 -64.90981531333722 -65.6253541024765 -66.35024395572192 -67.08409245263734 -67.82652533286893 -68.5771857084401 -69.3357332936284 -70.10184365491885 -70.87520748307615 -71.65552988875697 -72.44252972273362 -73.23593892135739 
-15.332683411968105 -14.353638188734033 -13.377297297496378 -12.40420404843012 -11.435054105534864 -10.470751813193187 -9.512493081858725 -8.561890495036451 -7.62116773383169 -6.693472160084702 -5.783398008298223 -4.897906023141617 -4.048043048748443 -3.2524357066126695 -2.545328925426122 -2.0 -2.0 -2.545328925426122 -3.2524357066126695 -4.048043048748443 -1.7976931348623157E308 -1.7976931348623157E308 -9.0 -9.44223040680405 -10.048043048748427 -10.755149829934975 -11.530022892636323 -12.352375788608258 -13.209155215504618 -14.091594339914533 -14.993604758307043 -15.910839712752091 -16.84012203684808 -17.779081608502636 -18.72591838670166 -19.67924338813104 -20.63796947902524 -21.601234829790766 -22.568348273914253 -23.538749654880345 -24.511980616299347 -25.487662789296383 -26.46548129891537 -27.445172148226014 -28.426512465468274 -29.409312890005015 -30.393411573516783 -31.378669413433798 -32.364966235314036 -33.352197712473256 -34.340272863137926 -34.667066784597644 -34.90532651526165 -35.175037650820144 -35.47548268360832 -35.805476813716226 -36.16383894316819 -36.54939844215328 -36.96100137474381 -37.39751590968146 -37.857836845033304 -38.340889266538866 -38.84563140106937 -39.37105674457822 -1.7976931348623157E308 -1.7976931348623157E308 -49.5119806162994 -49.576675145185625 -49.68056675125582 -49.82020056510969 -49.993578091400884 -50.19917398236658 -50.43567040291116 -50.70185714933999 -50.99658784148854 -51.318759290734924 -51.66730165755839 -52.04117399461502 -52.43936256483302 -52.86088058023695 -53.30476862452374 -53.77009534726339 -54.25595819785638 -54.76148407144075 -55.285829800675664 -55.82818246452813 -56.38775950761654 -56.96380867700319 -57.555607790904965 -58.16246435773344 -58.7837150654723 -59.41872516153221 -60.06688774242881 -60.72762297130191 -61.40037723969208 -62.08462228823336 -62.77985429919735 -63.485592972105934 -64.20138059206265 -64.9267810989642 -65.66137916444218 -66.40477928216637 -67.15660487613232 -67.91649743054752 -68.68411564423197 -69.45913461163107 -70.24124503205798 -71.03015244817297 -71.82557651436176 -72.62725029526071 
-15.129040462513645 -14.137401133405376 -13.146885647136298 -12.15773216730351 -11.17025023663456 -10.184849375600875 -9.202082511924672 -8.222714012138107 -7.24783018890718 -6.279026701368952 -5.318743357806675 -4.370902299477738 -3.4422304068040503 -2.545328925426122 -1.7071067811865475 -1.0 -1.0 -1.7071067811865475 -2.545328925426122 -3.4422304068040503 -1.7976931348623157E308 -1.7976931348623157E308 -8.0 -8.54532892542612 -9.252435706612667 -10.048043048748427 -10.897906023141607 -11.783398008298203 -12.6934721600847 -13.621167733831637 -14.5618904950364 -15.512493081858674 -16.470751813193196 -17.435054105534846 -18.40420404843012 -19.377297297496394 -20.353638188734102 -21.332683411968194 -22.31400286665148 -23.297251911994252 -24.28215134110767 -25.26847269532361 -26.256027336798336 -27.244658209117482 -28.23423354890529 -29.224642032719604 -30.215788992997645 -31.207593439428127 -32.19998569358617 -33.1929054951298 -33.43400032678618 -33.688707444157934 -33.93401122066467 -34.21209637361002 -34.52168355262067 -34.86149382970917 -35.230256282566934 -35.62671546694363 -36.04963809597777 -36.49781870462393 -36.97008426887482 -37.46529783323359 -37.98236123615611 -38.52021703676111 -1.7976931348623157E308 -1.7976931348623157E308 -48.5119806162994 -48.578770030491825 -48.685978125648376 -48.82999735463818 -49.00872265359383 -49.2205370069681 -49.46403804287497 -49.737935671196716 -50.04100748426761 -50.372077951904224 -50.73000863052266 -51.11369381931015 -51.52205898228922 -51.9540605525087 -52.408686371525135 -52.884956351904826 -53.38192313539416 -53.89867262556363 -54.434324336082746 -54.98803153284252 -55.558981170032375 -56.14639363282442 -56.749522306117655 -57.367652991875595 -58.00010319845211 -58.64622132471185 -59.305385760339405 -59.97700392189945 -60.660511242120236 -61.35537012776637 -62.06106889942195 -62.7771207245476 -63.503062553403765 -64.23845406579935 -64.98287663519217 -65.73593231538916 -66.49724285397689 -67.26644873564507 -68.04320825777003 -68.82719663985705 -69.61810516793506 -70.41564037441191 -71.21952325356105 -72.02948851242671 
-15.0 -14.0 -13.0 -12.0 -11.0 -10.0 -9.0 -8.0 -7.0 -6.0 -5.0 -4.0 -3.0 -2.0 -1.0 -0.0 -0.0 -1.0 -2.0 -3.0 -1.7976931348623157E308 -1.7976931348623157E308 -7.0 -7.707106781186548 -8.54532892542612 -9.44223040680405 -10.370902299477729 -11.318743357806644 -12.279026701368943 -13.247830188907157 -14.222714012138091 -15.20208251192469 -16.184849375600894 -17.170250236634494 -18.15773216730348 -19.146885647136283 -20.137401133405447 -21.129040462513707 -22.12161750374651 -23.114984759625983 -24.109023889408334 -25.103638881385276 -26.098751050913734 -27.094295320420077 -28.09021741479651 -29.086471720463663 -30.083019632331236 -31.079828264045307 -32.07686943191966 -32.233592935651544 -32.4566180381252 -32.71127504293114 -32.964564957464816 -33.251539947515326 -33.57081248954597 -33.920999823569026 -34.30073261242103 -34.70866311815141 -35.143472299971826 -35.60387567398192 -36.088627952984574 -36.59652655972437 -37.12641413652992 -37.67718018243279 -1.7976931348623157E308 -1.7976931348623157E308 -47.5119806162994 -47.58100293635055 -47.69174152184971 -47.84042246526327 -48.02482364073076 -48.243227086981676 -48.494137405947825 -48.776176819301504 -49.088039763868736 -49.42847191893371 -49.79626046891674 -50.19022986446077 -50.60924032906993 -51.0521876993142 -51.51800384408704 -52.00565725274127 -52.51415357145005 -53.04253597501702 -53.58988532406453 -54.15532009407415 -54.737996083814416 -55.33710592220753 -55.951878398442425 -56.581577642227074 -57.22550218102464 -57.882983899713466 -58.553386926029695 -59.23610646269105 -59.930567584565296 -60.63622401671624 -61.35255690680365 -62.07907360311956 -62.81530644756644 -63.56081159111466 -64.31516783775228 -65.07797552157773 -65.84885542054133 -66.62744770934933 -67.41341095324192 -68.20642114360112 -69.00617077585177 -69.81236796958106 -70.6247356304471 -71.44301065314109 
-15.0 -14.0 -13.0 -12.0 -11.0 -10.0 -9.0 -8.0 -7.0 -6.0 -5.0 -4.0 -3.0 -2.0 -1.0 -0.0 -0.0 -1.0 -2.0 -3.0 -4.0 -5.0 -6.0 -7.0 -8.0 -9.0 -10.0 -11.0 -12.0 -13.0 -14.0 -15.0 -16.0 -17.0 -18.0 -19.0 -20.0 -21.0 -22.0 -23.0 -24.0 -25.0 -26.0 -27.0 -28.0 -29.0 -30.0 -31.0 -31.079828264045307 -31.245950417643176 -31.48180533628621 -31.735375429315596 -31.99717454031393 -32.29360187275005 -32.62314955162714 -32.98432013921065 -33.37563639630586 -33.795650137687815 -34.24294968759345 -34.7161658490953 -35.2139764635319 -35.735109700548726 -36.27834624069448 -36.84252051365775 -1.7976931348623157E308 -1.7976931348623157E308 -46.5119806162994 -46.58338782051956 -46.697891952909856 -46.85153724590451 -47.04197258055625 -47.26736852414267 -47.52612706931071 -47.81677400019172 -48.137912665104956 -48.48820283627901 -48.866351020367105 -49.271106306186866 -49.701258924773036 -50.15564008362718 -50.63312231570611 -51.1326199379444 -51.65308940783632 -52.193529475866626 -52.752981094121225 -53.3305270770915 -53.92529153049837 -54.5364390741743 -55.163173889475736 -55.8047386226244 -56.46041317421881 -57.12951340288588 -57.81138976814661 -58.50542593451182 -59.211037355732586 -59.92766985522678 -60.654798216009816 -61.391924791018084 -62.13857814258912 -62.894311717939146 -63.65870256589169 -64.43135009871212 -65.21187490170615 -65.99991759229808 -66.79513772945634 -67.59721277367422 -68.40583709720681 -69.22072104376868 -70.04159003663736 -70.86818373376815 
