<?xml version="1.0" encoding="UTF-8" standalone="yes"?>
<output>
    <algorithm>eFastMarching</algorithm>
    <cellsize>40cm</cellsize>
    <deviation>1.44</deviation>
    <distanceMap>-37.22820223662944 -36.89538677971253 -36.56385159575702 -36.233629978630894 -35.9047562565548 -35.57726582667569 -35.25119519070719 -34.926581991648014 -34.60346505158635 -34.28188441060228 -33.96188136677661 -33.64349851730325 -33.32677980070772 -33.01177054016497 -32.69851748790228 -32.38706887068147 -32.07747443632154 -31.76978550124414 -31.464054998995394 -31.160337529705075 -30.85868941041706 -30.55916872622679 -30.26183538214812 -29.96675115561395 -29.67397974950022 -29.383586845555858 -29.09564015808835 -28.810209487756865 -28.527366775282243 -28.24718615487582 -27.969744007164476 -27.69511901134958 -27.423392196339012 -27.154646990521215 -26.888969269864994 -26.626447403961347 -26.36717229960004 -26.111237441450896 -25.85873892936544 -25.609775511785042 -25.364448614704024 -25.12286236559633 -24.885123611681976 -24.651341931863918 -24.421629641646742 -24.196101790310763 -23.974876149594202 -23.7580731931251 -23.545816065838757 -23.33823054262646 -23.135444975488934 -22.937590228528013 -22.744799600182006 -22.55720873224533 -22.374955505381095 -22.198179921080797 -22.027023970356524 -21.86163148990117 -21.70214800706247 -21.548720575798672 -21.401497606916344 -21.260628697448368 -21.126264466205196 -20.998556405634105 -20.877656764617935 -20.763718483542103 -20.656895213165534 -20.55734146497046 -20.465212967018587 -20.380667344294828 -20.303865323005382 -20.2349728110683 -20.174164518337854 -20.121630473762643 -20.07758853319119 -20.04231107760152 -20.016193223423628 -20.0 -20.016193223423628 -20.04231107760152 -20.07758853319119 -20.121630473762643 -20.174164518337854 -20.2349728110683 -20.303865323005382 -20.380667344294828 -20.465212967018587 -20.55734146497046 -20.656895213165534 -20.763718483542103 -20.877656764617935 -20.998556405634105 -21.126264466205196 -21.260628697448368 -21.401497606916344 -21.548720575798672 -21.70214800706247 -21.86163148990117 -22.027023970356524 -22.198179921080797 -22.374955505381095 -22.55720873224533 -22.744799600182006 -22.937590228528013 -23.135444975488934 -23.33823054262646 -23.545816065838757 -23.7580731931251 -23.974876149594202 -24.196101790310763 
-37.006315167069495 -36.671591288697925 -36.33812236950918 -36.00594143054854 -35.675082535077294 -35.34558082422816 -35.01747255381388 -34.69079513229224 -34.3655871599181 -34.04188846908934 -33.71974016590062 -33.39918467291778 -33.08026577317157 -32.76302865537564 -32.447519960361696 -32.133787828727456 -31.82188194967393 -31.511853611018985 -31.203755750344495 -30.89764300724653 -30.593571776635855 -30.291600263027636 -29.991788535748096 -29.69419858497381 -29.3988943784997 -29.105941919117683 -28.815409302481033 -28.527366775282243 -28.2418867935861 -27.95904408111148 -27.678915687233143 -27.40158104446327 -27.127122025127107 -26.855622996923554 -26.587170877022643 -26.32185518433279 -26.05976808950518 -25.8010044622328 -25.545661915347115 -25.29384084517102 -25.045644467550478 -24.801178848941706 -24.560552931888797 -24.323878554181704 -24.091270460948525 -23.862846308901496 -23.63872666191611 -23.419034977113775 -23.203897580593313 -22.993443631968887 -22.787805076879625 -22.587116586691746 -22.391515484678905 -22.201141658089725 -22.016137455674585 -21.836647570479144 -21.662818908051108 -21.494800440640365 -21.332743048600985 -21.17679935102998 -21.0271235288269 -20.88387114495259 -20.74719896887649 -20.6172648153752 -20.494227412448048 -20.378246319947888 -20.26948193097156 -20.168095604536035 -20.074250004990116 -19.98810976950358 -19.909842707158294 -19.83962188905703 -19.777629306584167 -19.724062482758928 -19.679147193559906 -19.64316466625201 -19.61652113343577 -19.6 -19.61652113343577 -19.64316466625201 -19.679147193559906 -19.724062482758928 -19.777629306584167 -19.83962188905703 -19.909842707158294 -19.98810976950358 -20.074250004990116 -20.168095604536035 -20.26948193097156 -20.378246319947888 -20.494227412448048 -20.6172648153752 -20.74719896887649 -20.88387114495259 -21.0271235288269 -21.17679935102998 -21.332743048600985 -21.494800440640365 -21.662818908051108 -21.836647570479144 -22.016137455674585 -22.201141658089725 -22.391515484678905 -22.587116586691746 -22.787805076879625 -22.993443631968887 -23.203897580593313 -23.419034977113775 -23.63872666191611 -23.862846308901496 
-36.78731762085437 -36.45068750888722 -36.115286502128576 -35.78114732189049 -35.44830373856403 -35.116790608340956 -34.78664391116333 -34.45790078993089 -34.13059959098054 -33.80477990586842 -33.48048261446519 -33.157749929385076 -32.83662544175586 -32.51715416834938 -32.199382600055074 -31.883358751717363 -31.569132213311505 -31.256754202458882 -30.946277618237804 -30.637757096287995 -30.331249065135495 -30.02681180371331 -29.72450550000073 -29.42439231069846 -29.126536421864717 -28.83100411038621 -28.537863806165724 -28.24718615487582 -27.95904408111148 -27.67351285174635 -27.390670139271727 -27.110596084877223 -26.833373360986133 -26.55908723293989 -26.287825619481158 -26.019679151655282 -25.75474122970293 -25.493108077469785 -25.234878793836984 -24.980155400599422 -24.729042886192858 -24.481649244613294 -24.238085508825993 -23.998465777907413 -23.76290723712231 -23.531530170092815 -23.304457962172066 -23.08181709410861 -22.863737125060155 -22.650350664012887 -22.441793328659834 -22.238203690840546 -22.03972320768898 -21.846496137761825 -21.658669441563177 -21.476392666114748 -21.29981781354989 -21.1290991941487 -20.96439326485219 -20.80585845513438 -20.65365498327803 -20.507944667717386 -20.36889074037262 -20.236657672140876 -20.11141102541315 -19.99331735547436 -19.882544193328837 -19.779260159333628 -19.683635284542387 -19.595841663545478 -19.51605464651497 -19.444454937353974 -19.381232289207368 -19.326592211170983 -19.280768908849858 -19.244052999974024 -19.216862463881405 -19.200000000000003 -19.216862463881405 -19.244052999974024 -19.280768908849858 -19.326592211170983 -19.381232289207368 -19.444454937353974 -19.51605464651497 -19.595841663545478 -19.683635284542387 -19.779260159333628 -19.882544193328837 -19.99331735547436 -20.11141102541315 -20.236657672140876 -20.36889074037262 -20.507944667717386 -20.65365498327803 -20.80585845513438 -20.96439326485219 -21.1290991941487 -21.29981781354989 -21.476392666114748 -21.658669441563177 -21.846496137761825 -22.03972320768898 -22.238203690840546 -22.441793328659834 -22.650350664012887 -22.863737125060155 -23.08181709410861 -23.304457962172066 -23.531530170092815 
-36.571261684307224 -36.232728419457196 -35.895397875251625 -35.55930244582068 -35.22447558017054 -34.89095181994714 -34.55876683850711 -34.22795748134018 -33.89856180786458 -33.57061913462683 -33.24417007992561 -32.91925660988632 -32.59592208600793 -32.27421131419675 -31.954170595289202 -31.635847777088188 -31.319292307901662 -31.004555291575436 -30.691689544016555 -30.380749651183265 -30.07179202850267 -29.764874981682926 -29.46005876886771 -29.157405664052863 -28.85698002169561 -28.558848342412865 -28.263079339646364 -27.969744007164476 -27.678915687233143 -27.390670139271727 -27.105085608782243 -26.82224289630762 -26.542225426146832 -26.265119314513534 -25.99101343679185 -25.71999949350123 -25.452172074545647 -25.187628721253233 -24.926469985698574 -24.668799486719134 -24.414723961999496 -24.164353315535394 -23.917800659739278 -23.675182351386383 -23.436618020547865 -23.2022305916085 -22.972146295407637 -22.746494671506372 -22.52540855954787 -22.309024078657238 -22.097480593820542 -21.890920668209098 -21.689490000457624 -21.493337346005088 -21.302614421753056 -21.117475793508266 -20.93807874600285 -20.764583135717135 -20.597151227351564 -20.435947515643637 -20.2811385354006 -20.13289266426995 -19.991379925075993 -19.856771797852915 -19.729241056524295 -19.608961652318683 -19.49610867694676 -19.390858455783096 -19.293388849437065 -19.203879890009507 -19.122514964083923 -19.049482917127964 -18.984981785268268 -18.929225598375663 -18.88245754567361 -18.844978226595618 -18.817218050293707 -18.8 -18.817218050293707 -18.844978226595618 -18.88245754567361 -18.929225598375663 -18.984981785268268 -19.049482917127964 -19.122514964083923 -19.203879890009507 -19.293388849437065 -19.390858455783096 -19.49610867694676 -19.608961652318683 -19.729241056524295 -19.856771797852915 -19.991379925075993 -20.13289266426995 -20.2811385354006 -20.435947515643637 -20.597151227351564 -20.764583135717135 -20.93807874600285 -21.117475793508266 -21.302614421753056 -21.493337346005088 -21.689490000457624 -21.890920668209098 -22.097480593820542 -22.309024078657238 -22.52540855954787 -22.746494671506372 -22.972146295407637 -23.2022305916085 
-36.35820012374386 -36.01776771619791 -35.67851112527562 -35.340462389982854 -35.003654608870136 -34.66812197880088 -34.33389983512359 -34.00102469328166 -33.669534291897456 -33.33946763736876 -33.01086505000315 -32.68376821172467 -32.35822021537944 -32.03426561567081 -31.71195048172932 -31.39132245134912 -31.072430786895513 -30.755326432884722 -30.44006207523721 -30.126692202193812 -29.815273166873034 -29.50586325143689 -29.198522732830952 -28.89331395003205 -28.590301372741273 -28.289551671429365 -27.991133788629043 -27.69511901134958 -27.40158104446327 -27.110596084877223 -26.82224289630762 -26.536602884396327 -26.253760171921705 -25.973801673787843 -25.696817171447574 -25.422899386372887 -25.152144052139434 -24.88464998463376 -24.620519149850796 -24.35985672869012 -24.102771178089483 -23.849374287789253 -23.599781231949386 -23.35411061477359 -23.11248450923599 -22.875028487944945 -22.641871645107667 -22.413146608516527 -22.188989540421833 -21.969540126130305 -21.754941549138866 -21.54534045163242 -21.340886879198766 -21.14173420869729 -20.948039058351053 -20.75996117933652 -20.57766332844746 -20.401311121847183 -20.23107287053223 -20.06711939898743 -19.909623849697695 -19.75876147785825 -19.614709442975865 -19.477646607425854 -19.34775335695354 -19.22521146541373 -19.110204037242863 -19.002915578752827 -18.90353227814185 -18.812242623104197 -18.729238572576232 -18.654717665378442 -18.588886787037747 -18.5319690701141 -18.48421729075024 -18.445942673528418 -18.417588798681724 -18.400000000000002 -18.417588798681724 -18.445942673528418 -18.48421729075024 -18.5319690701141 -18.588886787037747 -18.654717665378442 -18.729238572576232 -18.812242623104197 -18.90353227814185 -19.002915578752827 -19.110204037242863 -19.22521146541373 -19.34775335695354 -19.477646607425854 -19.614709442975865 -19.75876147785825 -19.909623849697695 -20.06711939898743 -20.23107287053223 -20.401311121847183 -20.57766332844746 -20.75996117933652 -20.948039058351053 -21.14173420869729 -21.340886879198766 -21.54534045163242 -21.754941549138866 -21.969540126130305 -22.188989540421833 -22.413146608516527 -22.641871645107667 -22.875028487944945 
-36.148186372069254 -35.80585979865986 -35.46468163112871 -35.12468352497924 -34.785898198725356 -34.44835947363739 -34.11210231497635 -33.77716287476278 -33.443578536120384 -33.1113879592367 -32.780631128983764 -32.45134940423266 -32.12358556890248 -31.797383884776053 -31.472790146108153 -31.149851736060043 -30.82861768497615 -30.50913873051677 -30.191467379660224 -29.875657972576633 -29.561766748355172 -29.249851912580517 -28.93997370672048 -28.63219447928425 -28.326578758692598 -28.023193327792605 -27.722107299910164 -27.423392196339012 -27.127122025127107 -26.833373360986133 -26.542225426146832 -26.253760171921705 -25.968062360725703 -25.68521964825108 -25.405322665461863 -25.128465100013145 -24.854743776670244 -24.584258736230783 -24.317113312407407 -24.05341420606571 -23.793271556140787 -23.536799006494217 -23.2841137679049 -23.035336674303664 -22.79059223229754 -22.550008662952187 -22.313717934727272 -22.081855786392875 -21.85456173869632 -21.6319790934956 -21.414254919045803 -21.201540020104176 -20.99398889155404 -20.791759654290193 -20.595013972237528 -20.403916949554073 -20.218637007368763 -20.03934573981557 -19.866217749740102 -19.69943046530328 -19.539163939906025 -19.385600639551246 -19.238925224160276 -19.099324332795323 -18.96698638777413 -18.84210144013968 -18.72486109040889 -18.61545853654091 -18.514088830536114 -18.42094947520096 -18.336241582269125 -18.260171983033384 -18.192957028746726 -18.134829588864033 -18.0860526844922 -18.046948866833166 -18.017975693089674 -18.0 -18.017975693089674 -18.046948866833166 -18.0860526844922 -18.134829588864033 -18.192957028746726 -18.260171983033384 -18.336241582269125 -18.42094947520096 -18.514088830536114 -18.61545853654091 -18.72486109040889 -18.84210144013968 -18.96698638777413 -19.099324332795323 -19.238925224160276 -19.385600639551246 -19.539163939906025 -19.69943046530328 -19.866217749740102 -20.03934573981557 -20.218637007368763 -20.403916949554073 -20.595013972237528 -20.791759654290193 -20.99398889155404 -21.201540020104176 -21.414254919045803 -21.6319790934956 -21.85456173869632 -22.081855786392875 -22.313717934727272 -22.550008662952187 
-35.94127451368978 -35.597059755556124 -35.25396550024558 -34.9120229909947 -34.57126453625435 -34.231723550370994 -33.89343459584602 -33.55643342722032 -33.22075703664216 -32.88644370116213 -32.553533031799866 -32.22206602443934 -31.892085112590703 -31.563634222065623 -31.23675882760264 -30.91150601148331 -30.587924524173587 -30.266064847005193 -29.945979256938724 -29.6277218934017 -29.31134882722376 -28.99691813165546 -28.684489955459142 -28.374126598044253 -28.06589258660498 -27.759854755202667 -27.456082325708696 -27.154646990521215 -26.855622996923554 -26.55908723293989 -26.265119314513534 -25.973801673787843 -25.68521964825108 -25.399461570455447 -25.11661885798083 -24.836786103258916 -24.56006116283227 -24.28654524555517 -24.016342999187103 -23.749562594765425 -23.486315808063523 -23.226718097376942 -22.970888676797752 -22.718950584048144 -22.471030741874667 -22.227260011901503 -21.987773239771492 -21.75270929031279 -21.52221107139494 -21.2964255450713 -21.075503724556004 -20.8596006555415 -20.64887538037865 -20.443490883664012 -20.24361401788143 -20.049415407916072 -19.861069333523517 -19.67875358924601 -19.502649321861487 -19.33294084630032 -19.169815442163966 -19.013463134695908 -18.8640764664857 -18.721850269702916 -18.586981453787256 -18.459668831180863 -18.340113015420542 -18.228516444355954 -18.125083611435254 -18.03002163930909 -17.94354142174962 -17.865859733768556 -17.79720306384858 -17.737814710553344 -17.687968658883886 -17.647999552755163 -17.618379804149274 -17.6 -17.618379804149274 -17.647999552755163 -17.687968658883886 -17.737814710553344 -17.79720306384858 -17.865859733768556 -17.94354142174962 -18.03002163930909 -18.125083611435254 -18.228516444355954 -18.340113015420542 -18.459668831180863 -18.586981453787256 -18.721850269702916 -18.8640764664857 -19.013463134695908 -19.169815442163966 -19.33294084630032 -19.502649321861487 -19.67875358924601 -19.861069333523517 -20.049415407916072 -20.24361401788143 -20.443490883664012 -20.64887538037865 -20.8596006555415 -21.075503724556004 -21.2964255450713 -21.52221107139494 -21.75270929031279 -21.987773239771492 -22.227260011901503 
-35.737519267664496 -35.391423348339025 -35.04641955264102 -34.702538682458275 -34.359812605769896 -34.01827429821475 -33.67795788632779 -33.338898692502305 -33.00113328173376 -32.664699510201665 -32.32963657575083 -31.995985070319513 -31.663787034383503 -31.33308601345345 -31.003927116689187 -30.676357077676876 -30.350424317408482 -30.026179009508684 -29.703673147741696 -29.382960615833113 -29.06409725961585 -28.747140961524693 -28.432151717425263 -28.11919171578523 -27.808325419150535 -27.499619647887677 -27.193143666131274 -26.888969269864994 -26.587170877022643 -26.287825619481158 -25.99101343679185 -25.696817171447574 -25.405322665461863 -25.11661885798083 -24.830797883619745 -24.547955171145126 -24.268189542088038 -23.991603308798556 -23.718302371391854 -23.448396312969425 -23.181998492410308 -22.91922613395999 -22.660200412742228 -22.405046535242025 -22.153893813705732 -21.90687573330032 -21.664130010790974 -21.425798643383594 -21.192027946291788 -20.962968577502537 -20.73877554814339 -20.519608216790765 -20.305630266051867 -20.0970096597498 -19.893918579124275 -19.696533336593696 -19.50503426588491 -19.31960558770773 -19.140435250734082 -18.96771474848515 -18.80163891392058 -18.642405695259505 -18.490215919023523 -18.345273049875058 -18.20778296206406 -18.0779537451314 -17.955995578525815 -17.842120728704415 -17.736543753176967 -17.639482048523767 -17.551156973341776 -17.471795955078573 -17.401636352037638 -17.340932648558965 -17.28997058030142 -17.249097722109287 -17.218802298777064 -17.2 -17.218802298777064 -17.249097722109287 -17.28997058030142 -17.340932648558965 -17.401636352037638 -17.471795955078573 -17.551156973341776 -17.639482048523767 -17.736543753176967 -17.842120728704415 -17.955995578525815 -18.0779537451314 -18.20778296206406 -18.345273049875058 -18.490215919023523 -18.642405695259505 -18.80163891392058 -18.96771474848515 -19.140435250734082 -19.31960558770773 -19.50503426588491 -19.696533336593696 -19.893918579124275 -20.0970096597498 -20.305630266051867 -20.519608216790765 -20.73877554814339 -20.962968577502537 -21.192027946291788 -21.425798643383594 -21.664130010790974 -21.90687573330032 
-35.53697596903176 -35.18900699288965 -34.842101303033864 -34.49628923068184 -34.151602172620315 -33.80807263361598 -33.46573427057748 -33.12462193854103 -32.784771738540215 -32.44622106742699 -32.10900866970982 -31.77317469147593 -31.438760736463138 -31.105809924342818 -30.774366951281607 -30.444478152839025 -30.116191569261993 -29.78955701322355 -29.46462614006958 -29.141452520601543 -28.820091716441716 -28.500601358009693 -28.183041225125763 -27.86747333024921 -27.553962004350737 -27.24257398539495 -26.933378509391606 -26.626447403961347 -26.32185518433279 -26.019679151655282 -25.71999949350123 -25.422899386372887 -25.128465100013145 -24.836786103258916 -24.547955171145126 -24.26206849289948 -23.979225780424862 -23.69953037678876 -23.423089364180203 -23.15001367071011 -22.88041817535632 -22.614421810257998 -22.352147659473054 -22.0937230532096 -21.839279656438663 -21.588953550677694 -21.342885307628812 -21.101220053237668 -20.864107520624106 -20.63170209023469 -20.40416281546895 -20.181653431948664 -19.96434234855949 -19.752402618367498 -19.54601188756567 -19.345352320708997 -19.1506105007259 -18.9619773025443 -18.779647739721117 -18.603820784295323 -18.434699161270522 -18.272489120868407 -18.11740019418998 -17.969644941563526 -17.82943870820174 -17.69699940981253 -17.572547383096403 -17.456305355451104 -17.348498619861456 -17.249355554814233 -17.159108725315985 -17.077996983392318 -17.0062693574821 -16.944192346095395 -16.89206429803981 -16.850246637962414 -16.819244451199747 -16.8 -16.819244451199747 -16.850246637962414 -16.89206429803981 -16.944192346095395 -17.0062693574821 -17.077996983392318 -17.159108725315985 -17.249355554814233 -17.348498619861456 -17.456305355451104 -17.572547383096403 -17.69699940981253 -17.82943870820174 -17.969644941563526 -18.11740019418998 -18.272489120868407 -18.434699161270522 -18.603820784295323 -18.779647739721117 -18.9619773025443 -19.1506105007259 -19.345352320708997 -19.54601188756567 -19.752402618367498 -19.96434234855949 -20.181653431948664 -20.40416281546895 -20.63170209023469 -20.864107520624106 -21.101220053237668 -21.342885307628812 -21.588953550677694 
-35.339700548254584 -34.98986773923571 -34.64106894092449 -34.293333984371905 -33.946693764224904 -33.60118028191598 -33.25682669069448 -32.91366734257423 -32.571737837274114 -32.23107507321433 -31.89171730065943 -31.55370417707206 -31.217076824759125 -30.881877890885427 -30.548151609931246 -30.21594386866535 -29.88530227370765 -29.55627622174795 -29.22891697249223 -28.903277724390524 -28.579413693204454 -28.257382193463897 -27.93724272284665 -27.61905704951621 -27.302889302428323 -26.988806064610777 -26.67687646940006 -26.36717229960004 -26.05976808950518 -25.75474122970293 -25.452172074545647 -25.152144052139434 -24.854743776670244 -24.56006116283227 -24.268189542088038 -23.979225780424862 -23.693270397217866 -23.410427684743247 -23.130805827805194 -22.854517022869512 -22.58167759599948 -22.312408118796682 -22.046833521448548 -21.785083201862278 -21.52729112976761 -21.27359594451806 -21.024141045217846 -20.779074671651177 -20.538549974365825 -20.302725072132976 -20.07176309488308 -19.84583221011154 -19.62510563066745 -19.409761601793278 -19.199983365289253 -18.995959098751523 -18.7978818280272 -18.60594931134045 -18.42036389407015 -18.241332333961292 -18.06906559772242 -17.90377863170125 -17.745690111839142 -17.59502218180846 -17.452000193682906 -17.316852473686236 -17.189810148157203 -17.0711070847365 -16.960980036238563 -16.859669129896105 -16.76741894331756 -16.684480595320245 -16.611115659970185 -16.547603558298754 -16.494256199447502 -16.451449867142987 -16.419707655525 -16.400000000000002 -16.419707655525 -16.451449867142987 -16.494256199447502 -16.547603558298754 -16.611115659970185 -16.684480595320245 -16.76741894331756 -16.859669129896105 -16.960980036238563 -17.0711070847365 -17.189810148157203 -17.316852473686236 -17.452000193682906 -17.59502218180846 -17.745690111839142 -17.90377863170125 -18.06906559772242 -18.241332333961292 -18.42036389407015 -18.60594931134045 -18.7978818280272 -18.995959098751523 -19.199983365289253 -19.409761601793278 -19.62510563066745 -19.84583221011154 -20.07176309488308 -20.302725072132976 -20.538549974365825 -20.779074671651177 -21.024141045217846 -21.27359594451806 
-35.14574950872665 -34.79406324925489 -34.44338130855652 -34.09373298793995 -33.745148648822315 -33.3976597566303 -33.05129892663845 -32.70609997181191 -32.3620979527499 -32.01932922979172 -31.67783151739505 -31.337643940854317 -30.998807095456723 -30.66136310815981 -30.32535570188307 -29.990830262493787 -29.657833908584504 -29.326415564116516 -28.996626034021144 -28.668518082833153 -28.342146516429775 -28.017568266944313 -27.694842480917966 -27.374030610736156 -27.055196509392047 -26.738406528605466 -26.42372962030143 -26.111237441450896 -25.8010044622328 -25.493108077469785 -25.187628721253233 -24.88464998463376 -24.584258736230783 -24.28654524555517 -23.991603308798556 -23.69953037678876 -23.410427684743247 -23.124400383384756 -22.841557670910138 -22.562012925214106 -22.285883835674667 -22.013292533707585 -21.744365721184295 -21.47923479567855 -21.218035971393185 -20.96091039445987 -20.708004251176387 -20.459468867580394 -20.215460798615776 -19.976141904984484 -19.741679415634565 -19.51224597369456 -19.288019663548624 -19.06918401666881 -18.85592799378067 -18.648445940982384 -18.446937517575844 -18.25160759364908 -18.062666115932316 -17.88032794121003 -17.704812637729717 -17.536344256760934 -17.375151078996012 -17.22146534421541 -17.075522978197537 -16.937563339219956 -16.807829019389544 -16.686565756412683 -16.574022544702327 -16.47045209137381 -16.376111863862906 -16.291266167480916 -16.216190080979192 -16.151176945539657 -16.096553272736433 -16.052711316208242 -16.02019344011622 -16.0 -16.02019344011622 -16.052711316208242 -16.096553272736433 -16.151176945539657 -16.216190080979192 -16.291266167480916 -16.376111863862906 -16.47045209137381 -16.574022544702327 -16.686565756412683 -16.807829019389544 -16.937563339219956 -17.075522978197537 -17.22146534421541 -17.375151078996012 -17.536344256760934 -17.704812637729717 -17.88032794121003 -18.062666115932316 -18.25160759364908 -18.446937517575844 -18.648445940982384 -18.85592799378067 -19.06918401666881 -19.288019663548624 -19.51224597369456 -19.741679415634565 -19.976141904984484 -20.215460798615776 -20.459468867580394 -20.708004251176387 -20.96091039445987 
-34.95517990228747 -34.60165177229065 -34.2490978767083 -33.89754695754469 -33.547028811847206 -33.197574336254824 -32.84921557357065 -32.5019857614273 -32.15591938315131 -31.811052220912288 -31.46742141125172 -31.125065503093158 -30.784024518329108 -30.44434001508588 -30.106055153772775 -29.769214766007906 -29.433865426538716 -29.100055528245697 -28.767835360331986 -28.437257189807152 -28.108375346349398 -27.781246310635566 -27.455928806235434 -27.13248389512943 -26.81097507693126 -26.491468391857634 -26.174032527491985 -25.85873892936544 -25.545661915347115 -25.234878793836984 -24.926469985698574 -24.620519149850796 -24.317113312407407 -24.016342999187103 -23.718302371391854 -23.423089364180203 -23.130805827805194 -22.841557670910138 -22.555455005502026 -22.272612293027407 -21.993148490879783 -21.717187198554797 -21.44485680255175 -21.176290618986222 -20.911627032739638 -20.65100963181251 -20.39458733539051 -20.14251451395813 -19.894951099618797 -19.652062684595457 -19.414020605712384 -19.181002012484054 -18.953189916281907 -18.730773217931727 -18.51394671100835 -18.30291105808874 -18.097872737314557 -17.899043956842764 -17.70664253519791 -17.52089174625436 -17.342020128692273 -17.17026126146871 -17.00585350937894 -16.849039746543784 -16.700067071314944 -16.559186534621457 -16.42665291697461 -16.302724610236492 -16.187663694412418 -16.081736357870323 -15.985213913234455 -15.8983748577837 -15.821508827028271 -15.754924179783401 -15.698963178735355 -15.654035272615985 -15.62070348407695 -15.600000000000001 -15.62070348407695 -15.654035272615985 -15.698963178735355 -15.754924179783401 -15.821508827028271 -15.8983748577837 -15.985213913234455 -16.081736357870323 -16.187663694412418 -16.302724610236492 -16.42665291697461 -16.559186534621457 -16.700067071314944 -16.849039746543784 -17.00585350937894 -17.17026126146871 -17.342020128692273 -17.52089174625436 -17.70664253519791 -17.899043956842764 -18.097872737314557 -18.30291105808874 -18.51394671100835 -18.730773217931727 -18.953189916281907 -19.181002012484054 -19.414020605712384 -19.652062684595457 -19.894951099618797 -20.14251451395813 -20.39458733539051 -20.65100963181251 
-34.76804930270355 -34.41269211863402 -34.05827871824746 -33.70483725478811 -33.352396929852326 -33.00098803850957 -32.6506420165221 -32.30139148975682 -31.953270325889715 -31.606313688505868 -31.26055809369886 -30.916041469280657 -30.572803216712455 -30.230884275865783 -29.890327192741836 -29.5511761902513 -29.213477242188397 -28.877278150508232 -28.542628626034368 -28.209580372709457 -27.87818717551219 -27.548504992149105 -27.22059204863038 -26.894508938840495 -26.570318728182702 -26.248087061401396 -25.927882274638293 -25.609775511785042 -25.29384084517102 -24.980155400599422 -24.668799486719134 -24.35985672869012 -24.05341420606571 -23.749562594765425 -23.448396312969425 -23.15001367071011 -22.854517022869512 -22.562012925214106 -22.272612293027407 -21.98643056179829 -21.70358784932367 -21.42420911846562 -21.148424339678428 -20.876368652276096 -20.608182523259018 -20.34401190234607 -20.084008371686917 -19.828329288524714 -19.577137918886034 -19.330603560162665 -19.08890165023641 -18.85221386059297 -18.620728170670418 -18.394638920521572 -18.174146838735187 -17.959459042496736 -17.750789006701677 -17.548356499198416 -17.35238747961405 -17.16311395986929 -16.980773825555243 -16.805610619000188 -16.63787328737582 -16.47781590297339 -16.325697368506447 -16.181781128998377 -16.046334925303068 -15.91963064571911 -15.801944367215658 -15.693556737486317 -15.594753955686267 -15.505829811558584 -15.42708965311389 -15.358858066158863 -15.301494333098725 -15.255426452000188 -15.221239636217106 -15.200000000000001 -15.221239636217106 -15.255426452000188 -15.301494333098725 -15.358858066158863 -15.42708965311389 -15.505829811558584 -15.594753955686267 -15.693556737486317 -15.801944367215658 -15.91963064571911 -16.046334925303068 -16.181781128998377 -16.325697368506447 -16.47781590297339 -16.63787328737582 -16.805610619000188 -16.980773825555243 -17.16311395986929 -17.35238747961405 -17.548356499198416 -17.750789006701677 -17.959459042496736 -18.174146838735187 -18.394638920521572 -18.620728170670418 -18.85221386059297 -19.08890165023641 -19.330603560162665 -19.577137918886034 -19.828329288524714 -20.084008371686917 -20.34401190234607 
-34.5844157770855 -34.227243630835055 -33.87098447939379 -33.51566585801001 -33.16131634191838 -32.80796559194561 -32.45564440229545 -32.10438475061415 -31.754219850444333 -31.405184206182543 -31.057313670651254 -30.710645505411954 -30.36521844393171 -30.021072757750673 -29.67825032575746 -29.336794706728583 -28.99675121524715 -28.6581670011588 -28.321091132690153 -27.9855746833808 -27.651670822961893 -27.31943491231922 -26.988924602687742 -26.660199939196964 -26.33332346889768 -26.00836035338984 -25.685378486158925 -25.364448614704024 -25.045644467550478 -24.729042886192858 -24.414723961999496 -24.102771178089483 -23.793271556140787 -23.486315808063523 -23.181998492410308 -22.88041817535632 -22.58167759599948 -22.285883835674667 -21.993148490879783 -21.70358784932367 -21.417323068492706 -21.134480356018088 -20.855191150983572 -20.579592305168134 -20.307826263050266 -20.040041239214034 -19.77639139160709 -19.517036988878445 -19.26214456979933 -19.011887092533506 -18.766444071268616 -18.526001697482524 -18.29075294286207 -18.0608976406813 -17.836642542249507 -17.618201344911423 -17.405794688044313 -17.199650113591424 -17.00000198796685 -16.807091382750514 -16.62116591258691 -16.442479530301487 -16.271292281732695 -16.10787002656492 -15.952484137221996 -15.805411196744888 -15.666932730350036 -15.53733502731371 -15.416909145811687 -15.305951254670934 -15.204763575559733 -15.113656396539149 -15.032952049551845 -14.962992682310464 -14.90415600077852 -14.85689005262558 -14.821803936944537 -14.8 -14.821803936944537 -14.85689005262558 -14.90415600077852 -14.962992682310464 -15.032952049551845 -15.113656396539149 -15.204763575559733 -15.305951254670934 -15.416909145811687 -15.53733502731371 -15.666932730350036 -15.805411196744888 -15.952484137221996 -16.10787002656492 -16.271292281732695 -16.442479530301487 -16.62116591258691 -16.807091382750514 -17.00000198796685 -17.199650113591424 -17.405794688044313 -17.618201344911423 -17.836642542249507 -18.0608976406813 -18.29075294286207 -18.526001697482524 -18.766444071268616 -19.011887092533506 -19.26214456979933 -19.517036988878445 -19.77639139160709 -20.040041239214034 
-34.40433785522182 -34.04536615280634 -33.68727634865973 -33.33009533113307 -32.973851018476005 -32.618572404837 -32.26428960852134 -31.91103392261226 -31.55883786807395 -31.207735249462957 -30.85776121336486 -30.50895230969806 -30.16134655601476 -29.814983504943264 -29.46990431491625 -29.12615182433949 -28.783770629347647 -28.442807165310782 -28.10330979225144 -27.76532888433601 -27.428916923603165 -27.094128598099378 -26.761020904577137 -26.42965325593266 -26.10008759352745 -25.772388504561476 -25.446623344627348 -25.12286236559633 -24.801178848941706 -24.481649244613294 -24.164353315535394 -23.849374287789253 -23.536799006494217 -23.226718097376942 -22.91922613395999 -22.614421810257998 -22.312408118796682 -22.013292533707585 -21.717187198554797 -21.42420911846562 -21.134480356018088 -20.848128230216677 -20.56528551774206 -20.286090655511092 -20.010687943392654 -19.739227745738674 -19.47186669017013 -19.20876786182205 -18.95010099099581 -18.696042631900585 -18.446776329874368 -18.2024927741905 -17.963389933254266 -17.729673168718012 -17.501555324788846 -17.279256788798616 -17.06300551898624 -16.853037035455923 -16.649594370476848 -16.45292797478127 -16.26329557742949 -16.08096199832336 -15.906198914885525 -15.73928458817471 -15.580503559530843 -15.430146337818764 -15.288509111415161 -15.155893541546352 -15.032606730527077 -14.918961521478924 -14.81527739874364 -14.721882471453114 -14.639117456181566 -14.56734353861589 -14.506958404933409 -14.4584318183194 -14.422398643622396 -14.4 -14.422398643622396 -14.4584318183194 -14.506958404933409 -14.56734353861589 -14.639117456181566 -14.721882471453114 -14.81527739874364 -14.918961521478924 -15.032606730527077 -15.155893541546352 -15.288509111415161 -15.430146337818764 -15.580503559530843 -15.73928458817471 -15.906198914885525 -16.08096199832336 -16.26329557742949 -16.45292797478127 -16.649594370476848 -16.853037035455923 -17.06300551898624 -17.279256788798616 -17.501555324788846 -17.729673168718012 -17.963389933254266 -18.2024927741905 -18.446776329874368 -18.696042631900585 -18.95010099099581 -19.20876786182205 -19.47186669017013 -19.739227745738674 
-34.2278744968017 -33.867119996702876 -33.50721602343787 -33.14818879001953 -32.79006552750582 -32.43287453130372 -32.0766452097977 -31.72140813542198 -31.367195098305896 -31.01403916262243 -30.661974725774304 -30.311037580568474 -29.9612649805201 -29.612695708448623 -29.26537014852262 -28.919330361924047 -28.57462016630336 -28.231285219202235 -27.889373105624703 -27.54893342995595 -27.210017912398726 -26.872680490145555 -26.536977423459195 -26.20296740687402 -25.870711685702464 -25.540274178047184 -25.211721602495096 -24.885123611681976 -24.560552931888797 -24.238085508825993 -23.917800659739278 -23.599781231949386 -23.2841137679049 -22.970888676797752 -22.660200412742228 -22.352147659473054 -22.046833521448548 -21.744365721184295 -21.44485680255175 -21.148424339678428 -20.855191150983572 -20.56528551774206 -20.278841406432498 -19.99599869395788 -19.71690339463341 -19.441707887636163 -19.170571143369582 -18.903658946945853 -18.641144116701348 -18.383206715365564 -18.130034251169047 -17.881821865849684 -17.638772506158016 -17.40109707512472 -17.169014559022383 -16.94275212567402 -16.72254518954383 -16.508637438960456 -16.301280820920947 -16.100735479298105 -15.907269643078639 -15.721159462663437 -15.542688794615458 -15.372148938934746 -15.209838338773402 -15.0560622615783 -14.911132494984919 -14.77536711377986 -14.649090412151452 -14.532633160246462 -14.426333459908594 -14.330538693877521 -14.245609508666812 -14.171927762969304 -14.109912852897384 -14.060058111454708 -14.023026260045476 -14.0 -14.023026260045476 -14.060058111454708 -14.109912852897384 -14.171927762969304 -14.245609508666812 -14.330538693877521 -14.426333459908594 -14.532633160246462 -14.649090412151452 -14.77536711377986 -14.911132494984919 -15.0560622615783 -15.209838338773402 -15.372148938934746 -15.542688794615458 -15.721159462663437 -15.907269643078639 -16.100735479298105 -16.301280820920947 -16.508637438960456 -16.72254518954383 -16.94275212567402 -17.169014559022383 -17.40109707512472 -17.638772506158016 -17.881821865849684 -18.130034251169047 -18.383206715365564 -18.641144116701348 -18.903658946945853 -19.170571143369582 -19.441707887636163 
-34.055085056563335 -33.692565907584026 -33.33086567423456 -32.97000986633124 -32.61002499809046 -32.25093863462883 -31.892779440856078 -31.535577232886858 -31.17936303210993 -30.82416912204984 -30.470029108177144 -30.11697798081794 -29.76505218132749 -29.414289671691087 -29.064730007745553 -28.716414416184513 -28.36938587555581 -28.023689201443457 -27.67937113603846 -27.33648044231082 -26.995068003006555 -26.655186924683456 -26.316892647018847 -25.980243057623706 -25.64529861258006 -25.312122462958047 -24.98078058752187 -24.651341931863918 -24.323878554181704 -23.998465777907413 -23.675182351386383 -23.35411061477359 -23.035336674303664 -22.718950584048144 -22.405046535242025 -22.0937230532096 -21.785083201862278 -21.47923479567855 -21.176290618986222 -20.876368652276096 -20.579592305168134 -20.286090655511092 -19.99599869395788 -19.70945757318269 -19.42661486070807 -19.14762479409178 -18.872648536976058 -18.601854434219714 -18.33541826402917 -18.073523484672176 -17.8163614729845 -17.564131751503442 -17.317042200648864 -17.075309251964267 -16.839158058017297 -16.608822634193913 -16.38454596729556 -16.166580085648015 -15.95518608540256 -15.750634107955817 -15.553203264067875 -15.363181501545185 -15.180865415569116 -15.00656000437126 -14.84057837874206 -14.683241443013618 -14.534877579713243 -14.395822393587677 -14.26641860958593 -14.147016285994084 -14.037973623157832 -13.939658874112556 -13.852454322575046 -13.776764314597969 -13.71303188238402 -13.66177599789556 -13.62368957083654 -13.600000000000001 -13.62368957083654 -13.66177599789556 -13.71303188238402 -13.776764314597969 -13.852454322575046 -13.939658874112556 -14.037973623157832 -14.147016285994084 -14.26641860958593 -14.395822393587677 -14.534877579713243 -14.683241443013618 -14.84057837874206 -15.00656000437126 -15.180865415569116 -15.363181501545185 -15.553203264067875 -15.750634107955817 -15.95518608540256 -16.166580085648015 -16.38454596729556 -16.608822634193913 -16.839158058017297 -17.075309251964267 -17.317042200648864 -17.564131751503442 -17.8163614729845 -18.073523484672176 -18.33541826402917 -18.601854434219714 -18.872648536976058 -19.14762479409178 
-33.886029247367475 -33.52176502586857 -33.158287906539876 -32.795622668871964 -32.43379508128908 -32.07283194773611 -31.7127611567235 -31.35361173295695 -30.995413891703663 -30.638199096039006 -30.282000117139468 -29.926851097783118 -29.57278761924242 -29.219846771738386 -28.868067228665936 -28.517489324782908 -28.168155138570224 -27.82010857899764 -27.47339547690645 -27.12806368125672 -26.784163160488017 -26.44174610923329 -26.1008670606644 -25.761583004722436 -25.42395351251392 -25.088040867143924 -24.75391020126961 -24.421629641646742 -24.091270460948525 -23.76290723712231 -23.436618020547865 -23.11248450923599 -22.79059223229754 -22.471030741874667 -22.153893813705732 -21.839279656438663 -21.52729112976761 -21.218035971393185 -20.911627032739638 -20.608182523259018 -20.307826263050266 -20.010687943392654 -19.71690339463341 -19.42661486070807 -19.139971279357496 -18.857128566882878 -18.57824990601423 -18.303506035172134 -18.03307553706932 -17.76714512423397 -17.505909918629232 -17.24957372210569 -16.99834927396217 -16.752458491399175 -16.512132688157205 -16.277612766157084 -16.049149374531762 -15.827003030091758 -15.61144419310148 -15.40275329232834 -15.201220693806594 -15.0071466088809 -14.820840939141235 -14.642623059347176 -14.472821545147362 -14.311773861565957 -14.159826042972623 -14.017332419234272 -13.884655482606782 -13.762166058396913 -13.650244065192448 -13.549280383169204 -13.459680822078347 -13.381874232316669 -13.31632943179251 -13.263593346247015 -13.224391681744088 -13.200000000000001 -13.224391681744088 -13.263593346247015 -13.31632943179251 -13.381874232316669 -13.459680822078347 -13.549280383169204 -13.650244065192448 -13.762166058396913 -13.884655482606782 -14.017332419234272 -14.159826042972623 -14.311773861565957 -14.472821545147362 -14.642623059347176 -14.820840939141235 -15.0071466088809 -15.201220693806594 -15.40275329232834 -15.61144419310148 -15.827003030091758 -16.049149374531762 -16.277612766157084 -16.512132688157205 -16.752458491399175 -16.99834927396217 -17.24957372210569 -17.505909918629232 -17.76714512423397 -18.03307553706932 -18.303506035172134 -18.57824990601423 -18.857128566882878 
