<?xml version="1.0" encoding="UTF-8" standalone="yes"?>
<output>
    <algorithm>eDijkstra</algorithm>
    <cellsize>200.0cm</cellsize>
    <deviation>0.11686</deviation>
    <distanceMap>-19.798989873223334 -18.970562748477143 -18.14213562373095 -17.31370849898476 -16.485281374238568 -15.65685424949238 -14.82842712474619 -14.0 
-18.970562748477143 -16.970562748477143 -16.14213562373095 -15.31370849898476 -14.48528137423857 -13.65685424949238 -12.82842712474619 -12.0 
-18.14213562373095 -16.14213562373095 -14.142135623730951 -13.31370849898476 -12.48528137423857 -11.65685424949238 -10.82842712474619 -10.0 
-17.31370849898476 -15.31370849898476 -13.31370849898476 -11.313708498984761 -10.48528137423857 -9.65685424949238 -8.82842712474619 -8.0 
-16.485281374238568 -14.48528137423857 -12.48528137423857 -10.48528137423857 -8.485281374238571 -7.65685424949238 -6.82842712474619 -6.0 
-15.65685424949238 -13.65685424949238 -11.65685424949238 -9.65685424949238 -7.65685424949238 -5.656854249492381 -4.82842712474619 -4.0 
-14.82842712474619 -12.82842712474619 -10.82842712474619 -8.82842712474619 -6.82842712474619 -4.82842712474619 -2.8284271247461903 -2.0 
-14.0 -12.0 -10.0 -8.0 -6.0 -4.0 -2.0 0.0 
</distanceMap>
    <fieldHeight>8</fieldHeight>
    <fieldWidth>8</fieldWidth>
    <fieldmap>00000000
00000000
00000000
00000000
00000000
00000000
00000000
00000000
</fieldmap>
    <freeFlowVelocity>1.2174634915453046</freeFlowVelocity>
    <name>output</name>
    <targets>
        <x>7</x>
        <y>7</y>
    </targets>
</output>
