<?xml version="1.0" encoding="UTF-8" standalone="yes"?>
<output>
    <algorithm>eFastMarching</algorithm>
    <cellsize>200.0cm</cellsize>
    <deviation>0.11686</deviation>
    <distanceMap>-21.245230000721143 -19.831016438348048 -18.503259208764224 -17.279804090042003 -16.18318867982906 -15.24233546766338 -14.49566037781436 -14.0 
-19.831016438348048 -18.33533574405268 -16.921122181679586 -15.607250759925599 -14.418310431009205 -13.386944320169404 -12.558053402737904 -12.0 
-18.503259208764224 -16.921122181679586 -15.413228986821883 -13.999015424448787 -12.70475157721656 -11.566796016596445 -10.63748671561335 -10.0 
-17.279804090042003 -15.607250759925599 -13.999015424448787 -12.474259347645793 -11.060045785272697 -9.795812046283235 -8.741804598955476 -8.0 
-16.18318867982906 -14.418310431009205 -12.70475157721656 -11.060045785272697 -9.510299659869982 -8.096086097496887 -6.884460813608101 -6.0 
-15.24233546766338 -13.386944320169404 -11.566796016596445 -9.795812046283235 -8.096086097496887 -6.504871413225339 -5.090657850852244 -4.0 
-14.49566037781436 -12.558053402737904 -10.63748671561335 -8.741804598955476 -6.884460813608101 -5.090657850852244 -3.414213562373095 -2.0 
-14.0 -12.0 -10.0 -8.0 -6.0 -4.0 -2.0 -0.0 
</distanceMap>
    <fieldHeight>8</fieldHeight>
    <fieldWidth>8</fieldWidth>
    <fieldmap>00000000
00000000
00000000
00000000
00000000
00000000
00000000
00000000
</fieldmap>
    <freeFlowVelocity>1.2174634915453046</freeFlowVelocity>
    <name>output</name>
    <targets>
        <x>7</x>
        <y>7</y>
    </targets>
</output>
