<?xml version="1.0" encoding="UTF-8" standalone="yes"?>
<output>
    <algorithm>eEuclid</algorithm>
    <cellsize>40.0cm</cellsize>
    <deviation>0.11686</deviation>
    <distanceMap>-3.9597979746446663 -3.687817782917155 -3.440930106817051 -3.2249030993194197 -3.0463092423455636 -2.9120439557122073 -2.8284271247461903 -2.8000000000000003 
-3.687817782917155 -3.394112549695428 -3.1240998703626617 -2.8844410203711917 -2.683281572999748 -2.529822128134704 -2.433105012119288 -2.4000000000000004 
-3.440930106817051 -3.1240998703626617 -2.8284271247461903 -2.5612496949731396 -2.3323807579381204 -2.1540659228538015 -2.039607805437114 -2.0 
-3.2249030993194197 -2.8844410203711917 -2.5612496949731396 -2.2627416997969525 -2.0 -1.788854381999832 -1.6492422502470643 -1.6 
-3.0463092423455636 -2.683281572999748 -2.3323807579381204 -2.0 -1.697056274847714 -1.4422205101855958 -1.264911064067352 -1.2000000000000002 
-2.9120439557122073 -2.529822128134704 -2.1540659228538015 -1.788854381999832 -1.4422205101855958 -1.1313708498984762 -0.894427190999916 -0.8 
-2.8284271247461903 -2.433105012119288 -2.039607805437114 -1.6492422502470643 -1.264911064067352 -0.894427190999916 -0.5656854249492381 -0.4 
-2.8000000000000003 -2.4000000000000004 -2.0 -1.6 -1.2000000000000002 -0.8 -0.4 -0.0 
</distanceMap>
    <fieldHeight>8</fieldHeight>
    <fieldWidth>8</fieldWidth>
    <fieldmap>00000000
00000000
00000000
00000000
00000000
00000000
00000000
00000000
</fieldmap>
    <freeFlowVelocity>1.2174634915453046</freeFlowVelocity>
    <fromX>0</fromX>
    <fromY>0</fromY>
    <name>output</name>
    <targets>
        <x>7</x>
        <y>7</y>
    </targets>
    <toX>0</toX>
    <toY>0</toY>
</output>
