<?xml version="1.0" encoding="UTF-8" standalone="yes"?>
<output>
    <algorithm>eDijkstra</algorithm>
    <cellsize>40.0cm</cellsize>
    <deviation>1.44</deviation>
    <distanceMap>-11.394112549695429 -11.228427124746192 -11.062741699796954 -10.897056274847717 -10.731370849898479 -10.565685424949242 -10.400000000000004 -10.400000000000004 -10.565685424949242 -10.731370849898479 -10.897056274847717 -11.062741699796955 -11.228427124746194 -11.628427124746194 -12.028427124746194 -12.428427124746195 -12.828427124746195 -13.228427124746196 -13.628427124746196 -14.028427124746196 -14.428427124746197 -14.828427124746197 -15.228427124746197 -15.628427124746198 -16.028427124746198 -15.6284271247462 -15.228427124746199 -14.828427124746199 -14.428427124746198 -14.028427124746198 -13.628427124746198 -13.228427124746197 -12.828427124746197 -12.428427124746197 -12.028427124746196 -11.628427124746196 -11.228427124746196 -10.828427124746195 -10.428427124746195 -10.028427124746194 -9.628427124746194 -9.228427124746194 -8.828427124746193 -8.428427124746193 -8.028427124746193 -7.628427124746192 -7.228427124746192 -6.828427124746192 -6.428427124746191 -6.028427124746191 -5.628427124746191 -5.22842712474619 -4.82842712474619 -4.42842712474619 -4.02842712474619 -3.6284271247461906 -3.4627416997969522 -3.297056274847714 -3.131370849898476 -2.9656854249492377 -2.8 -2.8 -2.9656854249492377 -3.131370849898476 -3.297056274847714 -3.4627416997969522 -3.6284271247461906 -3.794112549695429 -3.959797974644667 -4.359797974644667 -4.759797974644666 
-10.994112549695428 -10.828427124746192 -10.662741699796953 -10.497056274847717 -10.331370849898478 -10.165685424949242 -10.000000000000004 -10.000000000000004 -10.165685424949242 -10.331370849898478 -10.497056274847717 -10.662741699796955 -11.062741699796955 -11.462741699796956 -11.862741699796956 -12.262741699796956 -12.662741699796957 -13.062741699796957 -13.462741699796958 -13.862741699796958 -14.262741699796958 -14.662741699796959 -15.062741699796959 -15.46274169979696 -15.86274169979696 -15.462741699796961 -15.06274169979696 -14.66274169979696 -14.26274169979696 -13.86274169979696 -13.46274169979696 -13.062741699796959 -12.662741699796959 -12.262741699796958 -11.862741699796958 -11.462741699796958 -11.062741699796957 -10.662741699796957 -10.262741699796956 -9.862741699796956 -9.462741699796956 -9.062741699796955 -8.662741699796955 -8.262741699796955 -7.862741699796955 -7.462741699796955 -7.0627416997969545 -6.662741699796954 -6.262741699796954 -5.8627416997969535 -5.462741699796953 -5.062741699796953 -4.662741699796952 -4.262741699796952 -3.862741699796952 -3.4627416997969522 -3.0627416997969523 -2.897056274847714 -2.731370849898476 -2.565685424949238 -2.4 -2.4 -2.565685424949238 -2.731370849898476 -2.897056274847714 -3.0627416997969523 -3.2284271247461906 -3.394112549695429 -3.794112549695429 -4.194112549695428 -4.594112549695428 
-10.594112549695428 -10.428427124746191 -10.262741699796953 -10.097056274847716 -9.931370849898478 -9.765685424949242 -9.600000000000003 -9.600000000000003 -9.765685424949242 -9.931370849898478 -10.097056274847716 -1.7976931348623157E308 -1.7976931348623157E308 -1.7976931348623157E308 -1.7976931348623157E308 -1.7976931348623157E308 -1.7976931348623157E308 -1.7976931348623157E308 -1.7976931348623157E308 -1.7976931348623157E308 -1.7976931348623157E308 -1.7976931348623157E308 -1.7976931348623157E308 -1.7976931348623157E308 -1.7976931348623157E308 -1.7976931348623157E308 -1.7976931348623157E308 -1.7976931348623157E308 -1.7976931348623157E308 -1.7976931348623157E308 -1.7976931348623157E308 -1.7976931348623157E308 -1.7976931348623157E308 -1.7976931348623157E308 -1.7976931348623157E308 -1.7976931348623157E308 -1.7976931348623157E308 -1.7976931348623157E308 -1.7976931348623157E308 -1.7976931348623157E308 -1.7976931348623157E308 -1.7976931348623157E308 -1.7976931348623157E308 -1.7976931348623157E308 -1.7976931348623157E308 -1.7976931348623157E308 -1.7976931348623157E308 -1.7976931348623157E308 -1.7976931348623157E308 -1.7976931348623157E308 -1.7976931348623157E308 -1.7976931348623157E308 -1.7976931348623157E308 -1.7976931348623157E308 -1.7976931348623157E308 -1.7976931348623157E308 -1.7976931348623157E308 -2.497056274847714 -2.331370849898476 -2.165685424949238 -2.0 -2.0 -2.165685424949238 -2.331370849898476 -2.497056274847714 -2.6627416997969524 -2.8284271247461907 -3.2284271247461906 -3.6284271247461906 -4.02842712474619 -4.42842712474619 
-10.194112549695427 -10.028427124746191 -9.862741699796953 -9.697056274847716 -9.531370849898478 -9.365685424949241 -9.200000000000003 -9.200000000000003 -9.365685424949241 -9.531370849898478 -9.697056274847716 -1.7976931348623157E308 -1.7976931348623157E308 -1.7976931348623157E308 -1.7976931348623157E308 -1.7976931348623157E308 -1.7976931348623157E308 -1.7976931348623157E308 -1.7976931348623157E308 -1.7976931348623157E308 -1.7976931348623157E308 -1.7976931348623157E308 -1.7976931348623157E308 -1.7976931348623157E308 -1.7976931348623157E308 -1.7976931348623157E308 -1.7976931348623157E308 -1.7976931348623157E308 -1.7976931348623157E308 -1.7976931348623157E308 -1.7976931348623157E308 -1.7976931348623157E308 -1.7976931348623157E308 -1.7976931348623157E308 -1.7976931348623157E308 -1.7976931348623157E308 -1.7976931348623157E308 -1.7976931348623157E308 -1.7976931348623157E308 -1.7976931348623157E308 -1.7976931348623157E308 -1.7976931348623157E308 -1.7976931348623157E308 -1.7976931348623157E308 -1.7976931348623157E308 -1.7976931348623157E308 -1.7976931348623157E308 -1.7976931348623157E308 -1.7976931348623157E308 -1.7976931348623157E308 -1.7976931348623157E308 -1.7976931348623157E308 -1.7976931348623157E308 -1.7976931348623157E308 -1.7976931348623157E308 -1.7976931348623157E308 -1.7976931348623157E308 -2.097056274847714 -1.9313708498984763 -1.765685424949238 -1.6 -1.6 -1.765685424949238 -1.9313708498984763 -2.097056274847714 -2.2627416997969525 -2.6627416997969524 -3.0627416997969523 -3.4627416997969522 -3.862741699796952 -4.262741699796952 
-9.794112549695427 -9.62842712474619 -9.462741699796952 -9.297056274847716 -9.131370849898477 -8.96568542494924 -8.800000000000002 -8.800000000000002 -8.96568542494924 -9.131370849898477 -9.297056274847716 -1.7976931348623157E308 -1.7976931348623157E308 -11.365685424949245 -11.531370849898481 -11.69705627484772 -11.862741699796956 -12.028427124746194 -12.194112549695431 -12.35979797464467 -12.525483399593906 -12.691168824543144 -12.856854249492383 -13.02253967444162 -13.18822509939086 -13.353910524340098 -13.519595949289336 -13.685281374238574 -13.462741699796956 -13.062741699796955 -12.662741699796955 -12.262741699796955 -11.862741699796954 -11.462741699796954 -11.062741699796954 -10.662741699796953 -10.262741699796953 -9.862741699796953 -9.462741699796952 -9.062741699796952 -8.662741699796952 -8.262741699796951 -7.862741699796952 -7.462741699796951 -7.062741699796951 -6.662741699796951 -6.262741699796951 -5.862741699796951 -5.462741699796951 -5.062741699796952 -4.662741699796952 -4.262741699796953 -4.097056274847715 -3.9313708498984763 -3.765685424949238 -1.7976931348623157E308 -1.7976931348623157E308 -1.6970562748477143 -1.5313708498984764 -1.365685424949238 -1.2000000000000002 -1.2000000000000002 -1.365685424949238 -1.5313708498984764 -1.6970562748477143 -2.097056274847714 -2.497056274847714 -2.897056274847714 -3.297056274847714 -3.697056274847714 -4.097056274847714 
-9.394112549695427 -9.22842712474619 -9.062741699796952 -8.897056274847715 -8.731370849898477 -8.56568542494924 -8.400000000000002 -8.400000000000002 -8.56568542494924 -8.731370849898477 -8.897056274847715 -1.7976931348623157E308 -1.7976931348623157E308 -10.965685424949244 -11.131370849898481 -11.29705627484772 -11.462741699796956 -11.628427124746194 -11.79411254969543 -11.959797974644669 -12.125483399593906 -12.291168824543144 -12.456854249492382 -12.62253967444162 -12.788225099390859 -12.953910524340097 -13.119595949289335 -13.285281374238574 -13.29705627484772 -12.897056274847719 -12.497056274847719 -12.097056274847718 -11.697056274847718 -11.297056274847717 -10.897056274847717 -10.497056274847717 -10.097056274847716 -9.697056274847716 -9.297056274847716 -8.897056274847715 -8.497056274847715 -8.097056274847715 -7.697056274847714 -7.297056274847714 -6.8970562748477136 -6.497056274847713 -6.097056274847713 -5.697056274847713 -5.297056274847713 -4.8970562748477136 -4.497056274847714 -4.097056274847715 -3.6970562748477147 -3.5313708498984764 -3.365685424949238 -1.7976931348623157E308 -1.7976931348623157E308 -1.5313708498984764 -1.1313708498984762 -0.9656854249492381 -0.8 -0.8 -0.9656854249492381 -1.1313708498984762 -1.5313708498984764 -1.9313708498984763 -2.331370849898476 -2.731370849898476 -3.131370849898476 -3.531370849898476 -3.931370849898476 
-8.994112549695426 -8.82842712474619 -8.662741699796952 -8.497056274847715 -8.331370849898477 -8.16568542494924 -8.000000000000002 -8.000000000000002 -8.16568542494924 -8.331370849898477 -8.497056274847715 -1.7976931348623157E308 -1.7976931348623157E308 -10.565685424949244 -10.73137084989848 -10.897056274847719 -11.062741699796955 -11.228427124746194 -11.39411254969543 -11.559797974644669 -11.725483399593905 -11.891168824543144 -12.056854249492382 -12.22253967444162 -12.388225099390858 -12.553910524340097 -12.719595949289335 -12.885281374238573 -13.050966799187812 -12.73137084989848 -12.33137084989848 -11.93137084989848 -11.53137084989848 -11.13137084989848 -10.731370849898479 -10.331370849898478 -9.931370849898478 -9.531370849898478 -9.131370849898477 -8.731370849898477 -8.331370849898477 -7.931370849898477 -7.531370849898477 -7.1313708498984765 -6.731370849898476 -6.331370849898476 -5.931370849898475 -5.531370849898475 -5.131370849898476 -4.731370849898475 -4.331370849898476 -3.9313708498984763 -3.5313708498984764 -3.1313708498984765 -2.965685424949238 -1.7976931348623157E308 -1.7976931348623157E308 -1.365685424949238 -0.9656854249492381 -0.5656854249492381 -0.4 -0.4 -0.5656854249492381 -0.9656854249492381 -1.365685424949238 -1.765685424949238 -2.165685424949238 -2.565685424949238 -2.9656854249492377 -3.3656854249492376 -3.7656854249492375 
-8.594112549695426 -8.42842712474619 -8.262741699796951 -8.097056274847715 -7.931370849898477 -7.76568542494924 -7.600000000000002 -7.600000000000002 -7.76568542494924 -7.931370849898477 -8.097056274847715 -1.7976931348623157E308 -1.7976931348623157E308 -10.165685424949244 -10.33137084989848 -10.497056274847719 -10.662741699796955 -10.828427124746193 -10.99411254969543 -11.159797974644668 -11.325483399593905 -11.491168824543143 -11.656854249492381 -11.82253967444162 -11.988225099390858 -12.153910524340096 -12.319595949289335 -12.485281374238573 -12.650966799187811 -12.565685424949244 -12.165685424949244 -11.765685424949243 -11.365685424949243 -10.965685424949243 -10.565685424949242 -10.165685424949242 -9.765685424949242 -9.365685424949241 -8.96568542494924 -8.56568542494924 -8.16568542494924 -7.76568542494924 -7.365685424949239 -6.965685424949239 -6.565685424949239 -6.165685424949238 -5.765685424949238 -5.365685424949238 -4.965685424949237 -4.565685424949238 -4.165685424949237 -3.765685424949238 -3.365685424949238 -2.965685424949238 -2.5656854249492382 -1.7976931348623157E308 -1.7976931348623157E308 -1.2000000000000002 -0.8 -0.4 0.0 0.0 -0.4 -0.8 -1.2000000000000002 -1.6 -2.0 -2.4 -2.8 -3.1999999999999997 -3.5999999999999996 
-8.194112549695426 -8.02842712474619 -7.862741699796952 -7.697056274847714 -7.531370849898477 -7.365685424949239 -7.200000000000002 -7.200000000000002 -7.365685424949239 -7.531370849898477 -7.697056274847714 -1.7976931348623157E308 -1.7976931348623157E308 -9.765685424949243 -9.93137084989848 -10.097056274847718 -10.262741699796955 -10.428427124746193 -10.59411254969543 -10.759797974644668 -10.925483399593904 -11.091168824543143 -11.256854249492381 -11.42253967444162 -11.588225099390858 -11.753910524340096 -11.919595949289334 -12.085281374238573 -12.250966799187811 -12.400000000000006 -12.000000000000005 -11.600000000000005 -11.200000000000005 -10.800000000000004 -10.400000000000004 -10.000000000000004 -9.600000000000003 -9.200000000000003 -8.800000000000002 -8.400000000000002 -8.000000000000002 -7.600000000000002 -7.200000000000002 -6.800000000000002 -6.400000000000001 -6.000000000000001 -5.6000000000000005 -5.2 -4.8 -4.3999999999999995 -3.9999999999999996 -3.5999999999999996 -3.1999999999999997 -2.8 -2.4 -2.0 -1.6 -1.2000000000000002 -0.8 -0.4 0.0 0.0 -0.4 -0.8 -1.2000000000000002 -1.6 -2.0 -2.4 -2.8 -3.1999999999999997 -3.5999999999999996 
-7.794112549695426 -7.628427124746189 -7.462741699796951 -7.297056274847714 -7.1313708498984765 -6.965685424949239 -6.800000000000002 -6.800000000000002 -6.965685424949239 -7.1313708498984765 -7.297056274847714 -1.7976931348623157E308 -1.7976931348623157E308 -9.365685424949243 -9.53137084989848 -9.697056274847718 -9.862741699796954 -10.028427124746193 -10.19411254969543 -10.359797974644668 -10.525483399593904 -10.691168824543142 -10.85685424949238 -11.022539674441619 -11.188225099390857 -11.353910524340096 -11.519595949289334 -11.685281374238572 -11.85096679918781 -12.01665222413705 -12.000000000000005 -11.600000000000005 -11.200000000000005 -10.800000000000004 -10.400000000000004 -10.000000000000004 -9.600000000000003 -9.200000000000003 -8.800000000000002 -8.400000000000002 -8.000000000000002 -7.600000000000002 -7.200000000000002 -6.800000000000002 -6.400000000000001 -6.000000000000001 -5.6000000000000005 -5.2 -4.8 -4.3999999999999995 -3.9999999999999996 -3.5999999999999996 -3.1999999999999997 -2.8 -2.4 -2.0 -1.6 -1.2000000000000002 -0.8 -0.4 0.0 0.0 -0.4 -0.8 -1.2000000000000002 -1.6 -2.0 -2.4 -2.8 -3.1999999999999997 -3.5999999999999996 
-7.394112549695427 -7.228427124746188 -7.062741699796951 -6.8970562748477136 -6.731370849898476 -6.565685424949239 -6.400000000000001 -6.400000000000001 -6.565685424949239 -6.731370849898476 -6.8970562748477136 -1.7976931348623157E308 -1.7976931348623157E308 -8.965685424949243 -9.13137084989848 -9.297056274847717 -9.462741699796954 -9.628427124746192 -9.794112549695429 -9.959797974644667 -10.125483399593904 -10.291168824543142 -10.45685424949238 -10.622539674441619 -10.788225099390857 -10.953910524340095 -11.119595949289334 -11.285281374238572 -11.450966799187812 -11.61665222413705 -12.01665222413705 -11.765685424949243 -11.365685424949243 -10.965685424949243 -10.565685424949242 -10.165685424949242 -9.765685424949242 -9.365685424949241 -8.96568542494924 -8.56568542494924 -8.16568542494924 -7.76568542494924 -7.365685424949239 -6.965685424949239 -6.565685424949239 -6.165685424949238 -5.765685424949238 -5.365685424949238 -4.965685424949237 -4.565685424949238 -4.165685424949237 -3.765685424949238 -3.365685424949238 -2.965685424949238 -2.5656854249492382 -1.7976931348623157E308 -1.7976931348623157E308 -1.2000000000000002 -0.8 -0.4 0.0 0.0 -0.4 -0.8 -1.2000000000000002 -1.6 -2.0 -2.4 -2.8 -3.1999999999999997 -3.5999999999999996 
-6.994112549695426 -6.828427124746189 -6.662741699796951 -6.497056274847713 -6.331370849898476 -6.165685424949238 -6.000000000000001 -6.000000000000001 -6.165685424949238 -6.331370849898476 -6.497056274847713 -1.7976931348623157E308 -1.7976931348623157E308 -8.565685424949242 -8.731370849898479 -8.897056274847717 -9.062741699796954 -9.228427124746192 -9.394112549695429 -9.559797974644667 -9.725483399593903 -9.891168824543142 -10.05685424949238 -10.222539674441618 -10.388225099390857 -10.553910524340095 -10.719595949289333 -10.885281374238573 -11.050966799187812 -11.450966799187812 -11.85096679918781 -11.93137084989848 -11.53137084989848 -11.13137084989848 -10.731370849898479 -10.331370849898478 -9.931370849898478 -9.531370849898478 -9.131370849898477 -8.731370849898477 -8.331370849898477 -7.931370849898477 -7.531370849898477 -7.1313708498984765 -6.731370849898476 -6.331370849898476 -5.931370849898475 -5.531370849898475 -5.131370849898476 -4.731370849898475 -4.331370849898476 -3.9313708498984763 -3.5313708498984764 -3.1313708498984765 -2.965685424949238 -1.7976931348623157E308 -1.7976931348623157E308 -1.365685424949238 -0.9656854249492381 -0.5656854249492381 -0.4 -0.4 -0.5656854249492381 -0.9656854249492381 -1.365685424949238 -1.765685424949238 -2.165685424949238 -2.565685424949238 -2.9656854249492377 -3.3656854249492376 -3.7656854249492375 
-6.594112549695427 -6.428427124746189 -6.262741699796951 -6.097056274847713 -5.931370849898475 -5.765685424949238 -5.6000000000000005 -5.6000000000000005 -5.765685424949238 -5.931370849898475 -6.097056274847713 -1.7976931348623157E308 -1.7976931348623157E308 -8.165685424949242 -8.331370849898478 -8.497056274847717 -8.662741699796953 -8.828427124746192 -8.994112549695428 -9.159797974644666 -9.325483399593903 -9.491168824543141 -9.65685424949238 -9.822539674441618 -9.988225099390856 -10.153910524340095 -10.319595949289335 -10.485281374238573 -10.885281374238573 -11.285281374238572 -11.685281374238572 -12.085281374238573 -11.697056274847718 -11.297056274847717 -10.897056274847717 -10.497056274847717 -10.097056274847716 -9.697056274847716 -9.297056274847716 -8.897056274847715 -8.497056274847715 -8.097056274847715 -7.697056274847714 -7.297056274847714 -6.8970562748477136 -6.497056274847713 -6.097056274847713 -5.697056274847713 -5.297056274847713 -4.8970562748477136 -4.497056274847714 -4.097056274847715 -3.6970562748477147 -3.5313708498984764 -3.365685424949238 -1.7976931348623157E308 -1.7976931348623157E308 -1.5313708498984764 -1.1313708498984762 -0.9656854249492381 -0.8 -0.8 -0.9656854249492381 -1.1313708498984762 -1.5313708498984764 -1.9313708498984763 -2.331370849898476 -2.731370849898476 -3.131370849898476 -3.531370849898476 -3.931370849898476 
-6.1941125496954275 -6.028427124746189 -5.862741699796951 -5.697056274847713 -5.531370849898475 -5.365685424949238 -5.2 -5.2 -5.365685424949238 -5.531370849898475 -5.697056274847713 -1.7976931348623157E308 -1.7976931348623157E308 -7.7656854249492415 -7.931370849898479 -8.097056274847716 -8.262741699796953 -8.428427124746191 -8.594112549695428 -8.759797974644666 -8.925483399593903 -9.091168824543141 -9.25685424949238 -9.422539674441618 -9.588225099390856 -9.753910524340096 -9.919595949289334 -10.319595949289335 -10.719595949289333 -11.119595949289334 -11.519595949289334 -11.919595949289334 -11.862741699796954 -11.462741699796954 -11.062741699796954 -10.662741699796953 -10.262741699796953 -9.862741699796953 -9.462741699796952 -9.062741699796952 -8.662741699796952 -8.262741699796951 -7.862741699796952 -7.462741699796951 -7.062741699796951 -6.662741699796951 -6.262741699796951 -5.862741699796951 -5.462741699796951 -5.062741699796952 -4.662741699796952 -4.262741699796953 -4.097056274847715 -3.9313708498984763 -3.765685424949238 -1.7976931348623157E308 -1.7976931348623157E308 -1.6970562748477143 -1.5313708498984764 -1.365685424949238 -1.2000000000000002 -1.2000000000000002 -1.365685424949238 -1.5313708498984764 -1.6970562748477143 -2.097056274847714 -2.497056274847714 -2.897056274847714 -3.297056274847714 -3.697056274847714 -4.097056274847714 
-5.794112549695427 -5.62842712474619 -5.462741699796951 -5.297056274847713 -5.131370849898476 -4.965685424949237 -4.8 -4.8 -4.965685424949237 -5.131370849898476 -5.297056274847713 -1.7976931348623157E308 -1.7976931348623157E308 -7.365685424949241 -7.531370849898479 -7.697056274847716 -7.8627416997969535 -8.028427124746191 -8.194112549695427 -8.359797974644666 -8.525483399593902 -8.69116882454314 -8.856854249492379 -9.022539674441617 -9.188225099390857 -9.353910524340096 -9.753910524340096 -10.153910524340095 -10.553910524340095 -10.953910524340095 -11.353910524340096 -11.753910524340096 -12.028427124746193 -11.628427124746192 -11.228427124746192 -10.828427124746192 -10.428427124746191 -10.028427124746191 -9.62842712474619 -9.22842712474619 -8.82842712474619 -8.42842712474619 -8.02842712474619 -7.628427124746189 -7.228427124746188 -6.828427124746189 -6.428427124746189 -6.028427124746189 -5.62842712474619 -5.22842712474619 -4.828427124746191 -4.662741699796952 -4.497056274847714 -4.331370849898476 -4.165685424949238 -1.7976931348623157E308 -1.7976931348623157E308 -2.097056274847714 -1.9313708498984763 -1.765685424949238 -1.6 -1.6 -1.765685424949238 -1.9313708498984763 -2.097056274847714 -2.2627416997969525 -2.6627416997969524 -3.0627416997969523 -3.4627416997969522 -3.862741699796952 -4.262741699796952 
-5.394112549695428 -5.228427124746189 -5.062741699796952 -4.8970562748477136 -4.731370849898475 -4.565685424949238 -4.3999999999999995 -4.3999999999999995 -4.565685424949238 -4.731370849898475 -4.8970562748477136 -1.7976931348623157E308 -1.7976931348623157E308 -6.965685424949241 -7.131370849898478 -7.297056274847716 -7.462741699796953 -7.628427124746191 -7.794112549695428 -7.959797974644665 -8.125483399593902 -8.29116882454314 -8.456854249492379 -8.622539674441619 -8.788225099390857 -9.188225099390857 -9.588225099390856 -9.988225099390856 -10.388225099390857 -10.788225099390857 -11.188225099390857 -11.588225099390858 -11.988225099390858 -11.794112549695429 -11.394112549695429 -10.994112549695428 -10.594112549695428 -10.194112549695427 -9.794112549695427 -9.394112549695427 -8.994112549695426 -8.594112549695426 -8.194112549695426 -7.794112549695426 -7.394112549695427 -6.994112549695426 -6.594112549695427 -6.1941125496954275 -5.794112549695428 -5.3941125496954285 -5.22842712474619 -5.062741699796952 -4.8970562748477136 -4.731370849898476 -4.565685424949239 -1.7976931348623157E308 -1.7976931348623157E308 -2.497056274847714 -2.331370849898476 -2.165685424949238 -2.0 -2.0 -2.165685424949238 -2.331370849898476 -2.497056274847714 -2.6627416997969524 -2.8284271247461907 -3.2284271247461906 -3.6284271247461906 -4.02842712474619 -4.42842712474619 
-4.994112549695428 -4.82842712474619 -4.6627416997969515 -4.497056274847714 -4.331370849898476 -4.165685424949237 -3.9999999999999996 -3.9999999999999996 -4.165685424949237 -4.331370849898476 -4.497056274847714 -1.7976931348623157E308 -1.7976931348623157E308 -6.5656854249492405 -6.731370849898478 -6.897056274847715 -7.062741699796953 -7.22842712474619 -7.394112549695428 -7.559797974644665 -7.7254833995939025 -7.891168824543141 -8.05685424949238 -8.222539674441618 -8.622539674441619 -9.022539674441617 -9.422539674441618 -9.822539674441618 -10.222539674441618 -10.622539674441619 -11.022539674441619 -11.42253967444162 -11.82253967444162 -11.959797974644667 -11.559797974644667 -11.159797974644666 -10.759797974644666 -10.359797974644666 -9.959797974644665 -9.559797974644665 -9.159797974644665 -8.759797974644664 -8.359797974644664 -7.9597979746446645 -7.559797974644664 -7.159797974644665 -6.759797974644665 -6.359797974644666 -5.959797974644666 -5.794112549695428 -5.62842712474619 -5.462741699796951 -5.297056274847714 -5.1313708498984765 -4.965685424949239 -1.7976931348623157E308 -1.7976931348623157E308 -2.897056274847714 -2.731370849898476 -2.565685424949238 -2.4 -2.4 -2.565685424949238 -2.731370849898476 -2.897056274847714 -3.0627416997969523 -3.2284271247461906 -3.394112549695429 -3.794112549695429 -4.194112549695428 -4.594112549695428 
-4.594112549695428 -4.42842712474619 -4.262741699796952 -4.097056274847714 -3.931370849898476 -3.7656854249492375 -3.5999999999999996 -3.5999999999999996 -3.7656854249492375 -3.931370849898476 -4.097056274847714 -1.7976931348623157E308 -1.7976931348623157E308 -6.16568542494924 -6.3313708498984775 -6.497056274847715 -6.662741699796952 -6.82842712474619 -6.994112549695427 -7.159797974644665 -7.325483399593903 -7.491168824543141 -7.65685424949238 -8.05685424949238 -8.456854249492379 -8.856854249492379 -9.25685424949238 -9.65685424949238 -10.05685424949238 -10.45685424949238 -10.85685424949238 -11.256854249492381 -11.656854249492381 -12.056854249492382 -11.725483399593905 -11.325483399593905 -10.925483399593904 -10.525483399593904 -10.125483399593904 -9.725483399593903 -9.325483399593903 -8.925483399593903 -8.525483399593902 -8.125483399593902 -7.7254833995939025 -7.325483399593903 -6.925483399593904 -6.525483399593904 -6.359797974644666 -6.1941125496954275 -6.028427124746189 -5.862741699796952 -5.697056274847714 -5.531370849898477 -5.365685424949239 -1.7976931348623157E308 -1.7976931348623157E308 -3.297056274847714 -3.131370849898476 -2.9656854249492377 -2.8 -2.8 -2.9656854249492377 -3.131370849898476 -3.297056274847714 -3.4627416997969522 -3.6284271247461906 -3.794112549695429 -3.959797974644667 -4.359797974644667 -4.759797974644666 
-4.194112549695428 -4.02842712474619 -3.862741699796952 -3.697056274847714 -3.531370849898476 -3.3656854249492376 -3.1999999999999997 -3.1999999999999997 -3.3656854249492376 -3.531370849898476 -3.697056274847714 -1.7976931348623157E308 -1.7976931348623157E308 -5.76568542494924 -5.931370849898477 -6.097056274847715 -6.262741699796952 -6.4284271247461895 -6.594112549695427 -6.759797974644665 -6.925483399593904 -7.091168824543142 -7.491168824543141 -7.891168824543141 -8.29116882454314 -8.69116882454314 -9.091168824543141 -9.491168824543141 -9.891168824543142 -10.291168824543142 -10.691168824543142 -11.091168824543143 -11.491168824543143 -11.891168824543144 -11.891168824543144 -11.491168824543143 -11.091168824543143 -10.691168824543142 -10.291168824543142 -9.891168824543142 -9.491168824543141 -9.091168824543141 -8.69116882454314 -8.29116882454314 -7.891168824543141 -7.491168824543141 -7.091168824543142 -6.925483399593904 -6.759797974644665 -6.594112549695427 -6.4284271247461895 -6.262741699796952 -6.097056274847715 -5.931370849898477 -5.76568542494924 -1.7976931348623157E308 -1.7976931348623157E308 -3.697056274847714 -3.531370849898476 -3.3656854249492376 -3.1999999999999997 -3.1999999999999997 -3.3656854249492376 -3.531370849898476 -3.697056274847714 -3.862741699796952 -4.02842712474619 -4.194112549695428 -4.359797974644667 -4.525483399593905 -4.9254833995939045 
-3.794112549695429 -3.6284271247461906 -3.4627416997969522 -3.297056274847714 -3.131370849898476 -2.9656854249492377 -2.8 -2.8 -2.9656854249492377 -3.131370849898476 -3.297056274847714 -1.7976931348623157E308 -1.7976931348623157E308 -5.365685424949239 -5.531370849898477 -5.697056274847714 -5.862741699796952 -6.028427124746189 -6.1941125496954275 -6.359797974644666 -6.525483399593904 -6.925483399593904 -7.325483399593903 -7.7254833995939025 -8.125483399593902 -8.525483399593902 -8.925483399593903 -9.325483399593903 -9.725483399593903 -10.125483399593904 -10.525483399593904 -10.925483399593904 -11.325483399593905 -11.725483399593905 -12.056854249492382 -11.656854249492381 -11.256854249492381 -10.85685424949238 -10.45685424949238 -10.05685424949238 -9.65685424949238 -9.25685424949238 -8.856854249492379 -8.456854249492379 -8.05685424949238 -7.65685424949238 -7.491168824543141 -7.325483399593903 -7.159797974644665 -6.994112549695427 -6.82842712474619 -6.662741699796952 -6.497056274847715 -6.3313708498984775 -6.16568542494924 -1.7976931348623157E308 -1.7976931348623157E308 -4.097056274847714 -3.931370849898476 -3.7656854249492375 -3.5999999999999996 -3.5999999999999996 -3.7656854249492375 -3.931370849898476 -4.097056274847714 -4.262741699796952 -4.42842712474619 -4.594112549695428 -4.759797974644666 -4.9254833995939045 -5.091168824543143 
-3.394112549695429 -3.2284271247461906 -3.0627416997969523 -2.897056274847714 -2.731370849898476 -2.565685424949238 -2.4 -2.4 -2.565685424949238 -2.731370849898476 -2.897056274847714 -1.7976931348623157E308 -1.7976931348623157E308 -4.965685424949239 -5.1313708498984765 -5.297056274847714 -5.462741699796951 -5.62842712474619 -5.794112549695428 -5.959797974644666 -6.359797974644666 -6.759797974644665 -7.159797974644665 -7.559797974644664 -7.9597979746446645 -8.359797974644664 -8.759797974644664 -9.159797974644665 -9.559797974644665 -9.959797974644665 -10.359797974644666 -10.759797974644666 -11.159797974644666 -11.559797974644667 -11.959797974644667 -11.82253967444162 -11.42253967444162 -11.022539674441619 -10.622539674441619 -10.222539674441618 -9.822539674441618 -9.422539674441618 -9.022539674441617 -8.622539674441619 -8.222539674441618 -8.05685424949238 -7.891168824543141 -7.7254833995939025 -7.559797974644665 -7.394112549695428 -7.22842712474619 -7.062741699796953 -6.897056274847715 -6.731370849898478 -6.5656854249492405 -1.7976931348623157E308 -1.7976931348623157E308 -4.497056274847714 -4.331370849898476 -4.165685424949237 -3.9999999999999996 -3.9999999999999996 -4.165685424949237 -4.331370849898476 -4.497056274847714 -4.6627416997969515 -4.82842712474619 -4.994112549695428 -5.159797974644666 -5.325483399593904 -5.491168824543142 
-3.2284271247461906 -2.8284271247461907 -2.6627416997969524 -2.497056274847714 -2.331370849898476 -2.165685424949238 -2.0 -2.0 -2.165685424949238 -2.331370849898476 -2.497056274847714 -1.7976931348623157E308 -1.7976931348623157E308 -4.565685424949239 -4.731370849898476 -4.8970562748477136 -5.062741699796952 -5.22842712474619 -5.3941125496954285 -5.794112549695428 -6.1941125496954275 -6.594112549695427 -6.994112549695426 -7.394112549695427 -7.794112549695426 -8.194112549695426 -8.594112549695426 -8.994112549695426 -9.394112549695427 -9.794112549695427 -10.194112549695427 -10.594112549695428 -10.994112549695428 -11.394112549695429 -11.794112549695429 -11.988225099390858 -11.588225099390858 -11.188225099390857 -10.788225099390857 -10.388225099390857 -9.988225099390856 -9.588225099390856 -9.188225099390857 -8.788225099390857 -8.622539674441619 -8.456854249492379 -8.29116882454314 -8.125483399593902 -7.959797974644665 -7.794112549695428 -7.628427124746191 -7.462741699796953 -7.297056274847716 -7.131370849898478 -6.965685424949241 -1.7976931348623157E308 -1.7976931348623157E308 -4.8970562748477136 -4.731370849898475 -4.565685424949238 -4.3999999999999995 -4.3999999999999995 -4.565685424949238 -4.731370849898475 -4.8970562748477136 -5.062741699796952 -5.228427124746189 -5.394112549695428 -5.559797974644666 -5.725483399593903 -5.891168824543142 
-3.0627416997969523 -2.6627416997969524 -2.2627416997969525 -2.097056274847714 -1.9313708498984763 -1.765685424949238 -1.6 -1.6 -1.765685424949238 -1.9313708498984763 -2.097056274847714 -1.7976931348623157E308 -1.7976931348623157E308 -4.165685424949238 -4.331370849898476 -4.497056274847714 -4.662741699796952 -4.828427124746191 -5.22842712474619 -5.62842712474619 -6.028427124746189 -6.428427124746189 -6.828427124746189 -7.228427124746188 -7.628427124746189 -8.02842712474619 -8.42842712474619 -8.82842712474619 -9.22842712474619 -9.62842712474619 -10.028427124746191 -10.428427124746191 -10.828427124746192 -11.228427124746192 -11.628427124746192 -12.028427124746193 -11.753910524340096 -11.353910524340096 -10.953910524340095 -10.553910524340095 -10.153910524340095 -9.753910524340096 -9.353910524340096 -9.188225099390857 -9.022539674441617 -8.856854249492379 -8.69116882454314 -8.525483399593902 -8.359797974644666 -8.194112549695427 -8.028427124746191 -7.8627416997969535 -7.697056274847716 -7.531370849898479 -7.365685424949241 -1.7976931348623157E308 -1.7976931348623157E308 -5.297056274847713 -5.131370849898476 -4.965685424949237 -4.8 -4.8 -4.965685424949237 -5.131370849898476 -5.297056274847713 -5.462741699796951 -5.62842712474619 -5.794112549695427 -5.959797974644665 -6.125483399593904 -6.291168824543141 
-2.897056274847714 -2.497056274847714 -2.097056274847714 -1.6970562748477143 -1.5313708498984764 -1.365685424949238 -1.2000000000000002 -1.2000000000000002 -1.365685424949238 -1.5313708498984764 -1.6970562748477143 -1.7976931348623157E308 -1.7976931348623157E308 -3.765685424949238 -3.9313708498984763 -4.097056274847715 -4.262741699796953 -4.662741699796952 -5.062741699796952 -5.462741699796951 -5.862741699796951 -6.262741699796951 -6.662741699796951 -7.062741699796951 -7.462741699796951 -7.862741699796952 -8.262741699796951 -8.662741699796952 -9.062741699796952 -9.462741699796952 -9.862741699796953 -10.262741699796953 -10.662741699796953 -11.062741699796954 -11.462741699796954 -11.862741699796954 -11.919595949289334 -11.519595949289334 -11.119595949289334 -10.719595949289333 -10.319595949289335 -9.919595949289334 -9.753910524340096 -9.588225099390856 -9.422539674441618 -9.25685424949238 -9.091168824543141 -8.925483399593903 -8.759797974644666 -8.594112549695428 -8.428427124746191 -8.262741699796953 -8.097056274847716 -7.931370849898479 -7.7656854249492415 -1.7976931348623157E308 -1.7976931348623157E308 -5.697056274847713 -5.531370849898475 -5.365685424949238 -5.2 -5.2 -5.365685424949238 -5.531370849898475 -5.697056274847713 -5.862741699796951 -6.028427124746189 -6.1941125496954275 -6.359797974644665 -6.525483399593903 -6.6911688245431415 
-2.731370849898476 -2.331370849898476 -1.9313708498984763 -1.5313708498984764 -1.1313708498984762 -0.9656854249492381 -0.8 -0.8 -0.9656854249492381 -1.1313708498984762 -1.5313708498984764 -1.7976931348623157E308 -1.7976931348623157E308 -3.365685424949238 -3.5313708498984764 -3.6970562748477147 -4.097056274847715 -4.497056274847714 -4.8970562748477136 -5.297056274847713 -5.697056274847713 -6.097056274847713 -6.497056274847713 -6.8970562748477136 -7.297056274847714 -7.697056274847714 -8.097056274847715 -8.497056274847715 -8.897056274847715 -9.297056274847716 -9.697056274847716 -10.097056274847716 -10.497056274847717 -10.897056274847717 -11.297056274847717 -11.697056274847718 -12.085281374238573 -11.685281374238572 -11.285281374238572 -10.885281374238573 -10.485281374238573 -10.319595949289335 -10.153910524340095 -9.988225099390856 -9.822539674441618 -9.65685424949238 -9.491168824543141 -9.325483399593903 -9.159797974644666 -8.994112549695428 -8.828427124746192 -8.662741699796953 -8.497056274847717 -8.331370849898478 -8.165685424949242 -1.7976931348623157E308 -1.7976931348623157E308 -6.097056274847713 -5.931370849898475 -5.765685424949238 -5.6000000000000005 -5.6000000000000005 -5.765685424949238 -5.931370849898475 -6.097056274847713 -6.262741699796951 -6.428427124746189 -6.594112549695427 -6.759797974644665 -6.925483399593903 -7.091168824543141 
-2.565685424949238 -2.165685424949238 -1.765685424949238 -1.365685424949238 -0.9656854249492381 -0.5656854249492381 -0.4 -0.4 -0.5656854249492381 -0.9656854249492381 -1.365685424949238 -1.7976931348623157E308 -1.7976931348623157E308 -2.965685424949238 -3.1313708498984765 -3.5313708498984764 -3.9313708498984763 -4.331370849898476 -4.731370849898475 -5.131370849898476 -5.531370849898475 -5.931370849898475 -6.331370849898476 -6.731370849898476 -7.1313708498984765 -7.531370849898477 -7.931370849898477 -8.331370849898477 -8.731370849898477 -9.131370849898477 -9.531370849898478 -9.931370849898478 -10.331370849898478 -10.731370849898479 -11.13137084989848 -11.53137084989848 -11.93137084989848 -11.85096679918781 -11.450966799187812 -11.050966799187812 -10.885281374238573 -10.719595949289333 -10.553910524340095 -10.388225099390857 -10.222539674441618 -10.05685424949238 -9.891168824543142 -9.725483399593903 -9.559797974644667 -9.394112549695429 -9.228427124746192 -9.062741699796954 -8.897056274847717 -8.731370849898479 -8.565685424949242 -1.7976931348623157E308 -1.7976931348623157E308 -6.497056274847713 -6.331370849898476 -6.165685424949238 -6.000000000000001 -6.000000000000001 -6.165685424949238 -6.331370849898476 -6.497056274847713 -6.662741699796951 -6.828427124746189 -6.994112549695426 -7.159797974644665 -7.325483399593903 -7.4911688245431405 
-2.4 -2.0 -1.6 -1.2000000000000002 -0.8 -0.4 0.0 0.0 -0.4 -0.8 -1.2000000000000002 -1.7976931348623157E308 -1.7976931348623157E308 -2.5656854249492382 -2.965685424949238 -3.365685424949238 -3.765685424949238 -4.165685424949237 -4.565685424949238 -4.965685424949237 -5.365685424949238 -5.765685424949238 -6.165685424949238 -6.565685424949239 -6.965685424949239 -7.365685424949239 -7.76568542494924 -8.16568542494924 -8.56568542494924 -8.96568542494924 -9.365685424949241 -9.765685424949242 -10.165685424949242 -10.565685424949242 -10.965685424949243 -11.365685424949243 -11.765685424949243 -12.01665222413705 -11.61665222413705 -11.450966799187812 -11.285281374238572 -11.119595949289334 -10.953910524340095 -10.788225099390857 -10.622539674441619 -10.45685424949238 -10.291168824543142 -10.125483399593904 -9.959797974644667 -9.794112549695429 -9.628427124746192 -9.462741699796954 -9.297056274847717 -9.13137084989848 -8.965685424949243 -1.7976931348623157E308 -1.7976931348623157E308 -6.8970562748477136 -6.731370849898476 -6.565685424949239 -6.400000000000001 -6.400000000000001 -6.565685424949239 -6.731370849898476 -6.8970562748477136 -7.062741699796951 -7.228427124746188 -7.394112549695427 -7.559797974644664 -7.7254833995939025 -7.891168824543141 
-2.4 -2.0 -1.6 -1.2000000000000002 -0.8 -0.4 0.0 0.0 -0.4 -0.8 -1.2000000000000002 -1.6 -2.0 -2.4 -2.8 -3.1999999999999997 -3.5999999999999996 -3.9999999999999996 -4.3999999999999995 -4.8 -5.2 -5.6000000000000005 -6.000000000000001 -6.400000000000001 -6.800000000000002 -7.200000000000002 -7.600000000000002 -8.000000000000002 -8.400000000000002 -8.800000000000002 -9.200000000000003 -9.600000000000003 -10.000000000000004 -10.400000000000004 -10.800000000000004 -11.200000000000005 -11.600000000000005 -12.000000000000005 -12.01665222413705 -11.85096679918781 -11.685281374238572 -11.519595949289334 -11.353910524340096 -11.188225099390857 -11.022539674441619 -10.85685424949238 -10.691168824543142 -10.525483399593904 -10.359797974644668 -10.19411254969543 -10.028427124746193 -9.862741699796954 -9.697056274847718 -9.53137084989848 -9.365685424949243 -1.7976931348623157E308 -1.7976931348623157E308 -7.297056274847714 -7.1313708498984765 -6.965685424949239 -6.800000000000002 -6.800000000000002 -6.965685424949239 -7.1313708498984765 -7.297056274847714 -7.462741699796951 -7.628427124746189 -7.794112549695426 -7.9597979746446645 -8.125483399593902 -8.29116882454314 
-2.4 -2.0 -1.6 -1.2000000000000002 -0.8 -0.4 0.0 0.0 -0.4 -0.8 -1.2000000000000002 -1.6 -2.0 -2.4 -2.8 -3.1999999999999997 -3.5999999999999996 -3.9999999999999996 -4.3999999999999995 -4.8 -5.2 -5.6000000000000005 -6.000000000000001 -6.400000000000001 -6.800000000000002 -7.200000000000002 -7.600000000000002 -8.000000000000002 -8.400000000000002 -8.800000000000002 -9.200000000000003 -9.600000000000003 -10.000000000000004 -10.400000000000004 -10.800000000000004 -11.200000000000005 -11.600000000000005 -12.000000000000005 -12.400000000000006 -12.250966799187811 -12.085281374238573 -11.919595949289334 -11.753910524340096 -11.588225099390858 -11.42253967444162 -11.256854249492381 -11.091168824543143 -10.925483399593904 -10.759797974644668 -10.59411254969543 -10.428427124746193 -10.262741699796955 -10.097056274847718 -9.93137084989848 -9.765685424949243 -1.7976931348623157E308 -1.7976931348623157E308 -7.697056274847714 -7.531370849898477 -7.365685424949239 -7.200000000000002 -7.200000000000002 -7.365685424949239 -7.531370849898477 -7.697056274847714 -7.862741699796952 -8.02842712474619 -8.194112549695426 -8.359797974644664 -8.525483399593902 -8.69116882454314 
