<?xml version="1.0" encoding="UTF-8" standalone="yes"?>
<output>
    <algorithm>eEuclid</algorithm>
    <cellsize>40.0cm</cellsize>
    <deviation>1.44</deviation>
    <distanceMap>-10.673331251301068 -10.590561835898981 -10.522357150372725 -10.469001862641921 -10.43072384832424 -10.40768946500615 -10.4 -10.4 -10.40768946500615 -10.43072384832424 -10.469001862641921 -10.522357150372725 -10.590561835898981 -10.673331251301068 -10.77032961426901 -10.881176406988356 -11.005453193758084 -11.142710621747296 -11.292475370794484 -11.454256850621084 -11.627553482998907 -11.81185844818672 -12.006664815842909 -12.211470017978998 -12.425779653607254 -12.649110640673518 -12.880993750483695 -13.120975573485381 -13.10267148332736 -12.712198865656564 -12.32233744059949 -11.93314711214104 -11.54469575172945 -11.157060544785082 -10.77032961426901 -10.384603988597737 -10.0 -9.616652224137047 -9.234717104492157 -8.854377448471462 -8.475848040166836 -8.099382692526635 -7.725283166331187 -7.353910524340094 -6.985699678629192 -6.6211781428987395 -6.260990336999412 -5.90592922409336 -5.556977595779922 -5.21536192416212 -4.882622246293481 -4.560701700396552 -4.25205832509386 -3.9597979746446663 -3.687817782917155 -3.440930106817051 -3.2249030993194197 -3.0463092423455636 -2.9120439557122073 -2.8284271247461903 -2.8000000000000003 -2.8000000000000003 -2.8284271247461903 -2.9120439557122073 -3.0463092423455636 -3.2249030993194197 -3.440930106817051 -3.687817782917155 -3.9597979746446663 -4.25205832509386 -4.560701700396552 
-10.283968105745954 -10.19803902718557 -10.12719112093773 -10.071742649611338 -10.031948963187563 -10.007996802557443 -10.0 -10.0 -10.007996802557443 -10.031948963187563 -10.071742649611338 -10.12719112093773 -10.19803902718557 -10.283968105745954 -10.384603988597737 -10.49952379872535 -10.62826420446914 -10.77032961426901 -10.92520022699813 -11.092339699089639 -11.271202242884298 -11.461239025515523 -11.661903789690601 -11.872657663724665 -12.09297316626478 -12.32233744059949 -12.560254774486067 -12.806248474865697 -13.023056476879766 -12.630122723077555 -12.237646832622685 -11.84567431596868 -11.454256850621084 -11.063453348751466 -10.673331251301068 -10.283968105745954 -9.895453501482386 -9.50789145920377 -9.121403400793104 -8.736131867136622 -8.35224520712844 -7.96994353806851 -7.589466384404111 -7.211102550927979 -6.835202996254025 -6.4621977685614045 -6.092618484691127 -5.727128425310542 -5.366563145999496 -5.011985634456668 -4.664761515876241 -4.3266615305567875 -4.0 -3.687817782917155 -3.394112549695428 -3.1240998703626617 -2.8844410203711917 -2.683281572999748 -2.529822128134704 -2.433105012119288 -2.4000000000000004 -2.4000000000000004 -2.433105012119288 -2.529822128134704 -2.683281572999748 -2.8844410203711917 -3.1240998703626617 -3.394112549695428 -3.687817782917155 -4.0 -4.3266615305567875 
-9.895453501482386 -9.806120537705011 -9.732420048477152 -9.674709297958259 -9.633275663033837 -9.60832971957145 -9.600000000000001 -9.600000000000001 -9.60832971957145 -9.633275663033837 -9.674709297958259 -1.7976931348623157E308 -1.7976931348623157E308 -1.7976931348623157E308 -1.7976931348623157E308 -1.7976931348623157E308 -1.7976931348623157E308 -1.7976931348623157E308 -1.7976931348623157E308 -1.7976931348623157E308 -1.7976931348623157E308 -1.7976931348623157E308 -1.7976931348623157E308 -1.7976931348623157E308 -1.7976931348623157E308 -1.7976931348623157E308 -1.7976931348623157E308 -1.7976931348623157E308 -1.7976931348623157E308 -1.7976931348623157E308 -1.7976931348623157E308 -1.7976931348623157E308 -1.7976931348623157E308 -1.7976931348623157E308 -1.7976931348623157E308 -1.7976931348623157E308 -1.7976931348623157E308 -1.7976931348623157E308 -1.7976931348623157E308 -1.7976931348623157E308 -1.7976931348623157E308 -1.7976931348623157E308 -1.7976931348623157E308 -1.7976931348623157E308 -1.7976931348623157E308 -1.7976931348623157E308 -1.7976931348623157E308 -1.7976931348623157E308 -1.7976931348623157E308 -1.7976931348623157E308 -1.7976931348623157E308 -1.7976931348623157E308 -1.7976931348623157E308 -1.7976931348623157E308 -1.7976931348623157E308 -1.7976931348623157E308 -1.7976931348623157E308 -2.3323807579381204 -2.1540659228538015 -2.039607805437114 -2.0 -2.0 -2.039607805437114 -2.1540659228538015 -2.3323807579381204 -2.5612496949731396 -2.8284271247461903 -3.1240998703626617 -3.440930106817051 -3.7735924528226414 -4.118252056394801 
-9.50789145920377 -9.414881836751857 -9.338094023943002 -9.277930803794561 -9.234717104492157 -9.20869154657707 -9.200000000000001 -9.200000000000001 -9.20869154657707 -9.234717104492157 -9.277930803794561 -1.7976931348623157E308 -1.7976931348623157E308 -1.7976931348623157E308 -1.7976931348623157E308 -1.7976931348623157E308 -1.7976931348623157E308 -1.7976931348623157E308 -1.7976931348623157E308 -1.7976931348623157E308 -1.7976931348623157E308 -1.7976931348623157E308 -1.7976931348623157E308 -1.7976931348623157E308 -1.7976931348623157E308 -1.7976931348623157E308 -1.7976931348623157E308 -1.7976931348623157E308 -1.7976931348623157E308 -1.7976931348623157E308 -1.7976931348623157E308 -1.7976931348623157E308 -1.7976931348623157E308 -1.7976931348623157E308 -1.7976931348623157E308 -1.7976931348623157E308 -1.7976931348623157E308 -1.7976931348623157E308 -1.7976931348623157E308 -1.7976931348623157E308 -1.7976931348623157E308 -1.7976931348623157E308 -1.7976931348623157E308 -1.7976931348623157E308 -1.7976931348623157E308 -1.7976931348623157E308 -1.7976931348623157E308 -1.7976931348623157E308 -1.7976931348623157E308 -1.7976931348623157E308 -1.7976931348623157E308 -1.7976931348623157E308 -1.7976931348623157E308 -1.7976931348623157E308 -1.7976931348623157E308 -1.7976931348623157E308 -1.7976931348623157E308 -2.0 -1.788854381999832 -1.6492422502470643 -1.6 -1.6 -1.6492422502470643 -1.788854381999832 -2.0 -2.2627416997969525 -2.5612496949731396 -2.8844410203711917 -3.2249030993194197 -3.577708763999664 -3.939543120718442 
-9.121403400793104 -9.024411338142782 -8.94427190999916 -8.881441324469808 -8.836288813749809 -8.809086218218097 -8.8 -8.8 -8.809086218218097 -8.836288813749809 -8.881441324469808 -1.7976931348623157E308 -1.7976931348623157E308 -9.121403400793104 -9.234717104492157 -9.363759928575702 -9.50789145920377 -9.666436778875658 -9.838699100999076 -10.023971268913336 -10.22154587134451 -10.43072384832424 -10.650821564555478 -10.881176406988356 -11.121151019566277 -11.370136322841518 -11.627553482998907 -11.892854997854805 -12.16552506059644 -12.445079348883237 -12.059850745345068 -11.661903789690601 -11.26410227226298 -10.8664621657649 -10.469001862641921 -10.071742649611338 -9.674709297958259 -9.277930803794561 -8.881441324469808 -8.485281374238571 -8.089499366462674 -7.694153624668537 -7.299315036357864 -6.905070600652827 -6.511528238439883 -6.118823416311343 -5.727128425310542 -5.336665625650534 -4.947726750741193 -4.560701700396552 -4.17612260356422 -3.7947331922020555 -3.4176014981270124 -3.0463092423455636 -2.683281572999748 -1.7976931348623157E308 -1.7976931348623157E308 -1.697056274847714 -1.4422205101855958 -1.264911064067352 -1.2000000000000002 -1.2000000000000002 -1.264911064067352 -1.4422205101855958 -1.697056274847714 -2.0 -2.3323807579381204 -2.683281572999748 -3.0463092423455636 -3.4176014981270124 -3.7947331922020555 
-8.736131867136622 -8.634813257969162 -8.55102333057278 -8.485281374238571 -8.438009243891596 -8.409518416651457 -8.4 -8.4 -8.409518416651457 -8.438009243891596 -8.485281374238571 -1.7976931348623157E308 -1.7976931348623157E308 -8.736131867136622 -8.854377448471462 -8.988882021697693 -9.138927727036691 -9.303762679690406 -9.482615672903759 -9.674709297958259 -9.879271228182775 -10.09554357129917 -10.322790320451153 -10.56030302595527 -10.807404868885037 -11.063453348751466 -11.327841806805038 -11.600000000000001 -11.879393923933998 -12.16552506059644 -12.026637102698327 -11.627553482998907 -11.22853507809456 -10.829589096544709 -10.43072384832424 -10.031948963187563 -9.633275663033837 -9.234717104492157 -8.836288813749809 -8.438009243891596 -8.039900496896712 -7.64198926981712 -7.244308110509934 -6.846897107449476 -6.449806198638839 -6.053098380168623 -5.656854249492381 -5.261178575186363 -4.866210024238576 -4.47213595499958 -4.079215610874228 -3.687817782917155 -3.2984845004941286 -2.9120439557122073 -2.529822128134704 -1.7976931348623157E308 -1.7976931348623157E308 -1.4422205101855958 -1.1313708498984762 -0.894427190999916 -0.8 -0.8 -0.894427190999916 -1.1313708498984762 -1.4422205101855958 -1.788854381999832 -2.1540659228538015 -2.529822128134704 -2.9120439557122073 -3.2984845004941286 -3.687817782917155 
-8.35224520712844 -8.246211251235321 -8.158431221748456 -8.089499366462674 -8.039900496896712 -8.009993757800315 -8.0 -8.0 -8.009993757800315 -8.039900496896712 -8.089499366462674 -1.7976931348623157E308 -1.7976931348623157E308 -8.35224520712844 -8.475848040166836 -8.616263691415206 -8.772684879784524 -8.94427190999916 -9.130169768410662 -9.329523031752482 -9.54148835350125 -9.765244492586962 -10.0 -10.244998779892558 -10.49952379872535 -10.762899237658969 -11.034491379306978 -11.313708498984761 -11.600000000000001 -11.892854997854805 -12.006664815842909 -11.606894502837527 -11.207140580897521 -10.807404868885037 -10.40768946500615 -10.007996802557443 -9.60832971957145 -9.20869154657707 -8.809086218218097 -8.409518416651457 -8.009993757800315 -7.6105190361761785 -7.211102550927979 -6.811754546370562 -6.412487816752559 -6.013318551349164 -5.61426753904728 -5.21536192416212 -4.8166378315169185 -4.418144406874904 -4.019950248448356 -3.622154055254967 -3.2249030993194197 -2.8284271247461903 -2.433105012119288 -1.7976931348623157E308 -1.7976931348623157E308 -1.264911064067352 -0.894427190999916 -0.5656854249492381 -0.4 -0.4 -0.5656854249492381 -0.894427190999916 -1.264911064067352 -1.6492422502470643 -2.039607805437114 -2.433105012119288 -2.8284271247461903 -3.2249030993194197 -3.622154055254967 
-7.96994353806851 -7.8587530817554 -7.76659513557904 -7.694153624668537 -7.64198926981712 -7.6105190361761785 -7.6000000000000005 -7.6000000000000005 -7.6105190361761785 -7.64198926981712 -7.694153624668537 -1.7976931348623157E308 -1.7976931348623157E308 -7.96994353806851 -8.099382692526635 -8.246211251235321 -8.409518416651457 -8.588364221433556 -8.78179936004006 -8.988882021697693 -9.20869154657707 -9.440338976964759 -9.682974749528164 -9.935793878699378 -10.19803902718557 -10.469001862641921 -10.748023074035522 -11.034491379306978 -11.327841806805038 -11.627553482998907 -11.93314711214104 -11.600000000000001 -11.200000000000001 -10.8 -10.4 -10.0 -9.600000000000001 -9.200000000000001 -8.8 -8.4 -8.0 -7.6000000000000005 -7.2 -6.800000000000001 -6.4 -6.0 -5.6000000000000005 -5.2 -4.800000000000001 -4.4 -4.0 -3.6 -3.2 -2.8000000000000003 -2.4000000000000004 -1.7976931348623157E308 -1.7976931348623157E308 -1.2000000000000002 -0.8 -0.4 -0.0 -0.0 -0.4 -0.8 -1.2000000000000002 -1.6 -2.0 -2.4000000000000004 -2.8000000000000003 -3.2 -3.6 
-7.589466384404111 -7.472616676907762 -7.37563556583431 -7.299315036357864 -7.244308110509934 -7.211102550927979 -7.2 -7.2 -7.211102550927979 -7.244308110509934 -7.299315036357864 -1.7976931348623157E308 -1.7976931348623157E308 -7.589466384404111 -7.725283166331187 -7.879086241436884 -8.049844718999244 -8.236504112789602 -8.438009243891596 -8.653323061113575 -8.881441324469808 -9.121403400793104 -9.372299611087985 -9.633275663033837 -9.903534722511958 -10.182337649086286 -10.469001862641921 -10.762899237658969 -11.063453348751466 -11.370136322841518 -11.682465493208188 -11.600000000000001 -11.200000000000001 -10.8 -10.4 -10.0 -9.600000000000001 -9.200000000000001 -8.8 -8.4 -8.0 -7.6000000000000005 -7.2 -6.800000000000001 -6.4 -6.0 -5.6000000000000005 -5.2 -4.800000000000001 -4.4 -4.0 -3.6 -3.2 -2.8000000000000003 -2.4000000000000004 -2.0 -1.6 -1.2000000000000002 -0.8 -0.4 -0.0 -0.0 -0.4 -0.8 -1.2000000000000002 -1.6 -2.0 -2.4000000000000004 -2.8000000000000003 -3.2 -3.6 
-7.211102550927979 -7.08801805866774 -6.985699678629192 -6.905070600652827 -6.846897107449476 -6.811754546370562 -6.800000000000001 -6.800000000000001 -6.811754546370562 -6.846897107449476 -6.905070600652827 -1.7976931348623157E308 -1.7976931348623157E308 -7.211102550927979 -7.353910524340094 -7.515317691222375 -7.694153624668537 -7.889233169326409 -8.099382692526635 -8.323460818673926 -8.560373823613078 -8.809086218218097 -9.068627239003709 -9.338094023943002 -9.616652224137047 -9.903534722511958 -10.19803902718557 -10.49952379872535 -10.807404868885037 -11.121151019566277 -11.440279716860074 -11.600000000000001 -11.200000000000001 -10.8 -10.4 -10.0 -9.600000000000001 -9.200000000000001 -8.8 -8.4 -8.0 -7.6000000000000005 -7.2 -6.800000000000001 -6.4 -6.0 -5.6000000000000005 -5.2 -4.800000000000001 -4.4 -4.0 -3.6 -3.2 -2.8000000000000003 -2.4000000000000004 -2.0 -1.6 -1.2000000000000002 -0.8 -0.4 -0.0 -0.0 -0.4 -0.8 -1.2000000000000002 -1.6 -2.0 -2.4000000000000004 -2.8000000000000003 -3.2 -3.6 
-6.835202996254025 -6.705221845696085 -6.596969000988257 -6.511528238439883 -6.449806198638839 -6.412487816752559 -6.4 -6.4 -6.412487816752559 -6.449806198638839 -6.511528238439883 -1.7976931348623157E308 -1.7976931348623157E308 -6.835202996254025 -6.985699678629192 -7.155417527999328 -7.3430239002743285 -7.547184905645283 -7.76659513557904 -8.0 -8.246211251235321 -8.50411665018772 -8.772684879784524 -9.05096679918781 -9.338094023943002 -9.633275663033837 -9.935793878699378 -10.244998779892558 -10.56030302595527 -10.881176406988356 -11.207140580897521 -11.537764081484767 -11.200000000000001 -10.8 -10.4 -10.0 -9.600000000000001 -9.200000000000001 -8.8 -8.4 -8.0 -7.6000000000000005 -7.2 -6.800000000000001 -6.4 -6.0 -5.6000000000000005 -5.2 -4.800000000000001 -4.4 -4.0 -3.6 -3.2 -2.8000000000000003 -2.4000000000000004 -1.7976931348623157E308 -1.7976931348623157E308 -1.2000000000000002 -0.8 -0.4 -0.0 -0.0 -0.4 -0.8 -1.2000000000000002 -1.6 -2.0 -2.4000000000000004 -2.8000000000000003 -3.2 -3.6 
-6.4621977685614045 -6.324555320336759 -6.20966987850401 -6.118823416311343 -6.053098380168623 -6.013318551349164 -6.0 -6.0 -6.013318551349164 -6.053098380168623 -6.118823416311343 -1.7976931348623157E308 -1.7976931348623157E308 -6.4621977685614045 -6.6211781428987395 -6.800000000000001 -6.997142273814361 -7.211102550927979 -7.44043009509531 -7.683749084919419 -7.939773296511683 -8.207313811473277 -8.485281374238571 -8.772684879784524 -9.068627239003709 -9.372299611087985 -9.682974749528164 -10.0 -10.322790320451153 -10.650821564555478 -10.983624174196786 -11.320777358467925 -11.207140580897521 -10.807404868885037 -10.40768946500615 -10.007996802557443 -9.60832971957145 -9.20869154657707 -8.809086218218097 -8.409518416651457 -8.009993757800315 -7.6105190361761785 -7.211102550927979 -6.811754546370562 -6.412487816752559 -6.013318551349164 -5.61426753904728 -5.21536192416212 -4.8166378315169185 -4.418144406874904 -4.019950248448356 -3.622154055254967 -3.2249030993194197 -2.8284271247461903 -2.433105012119288 -1.7976931348623157E308 -1.7976931348623157E308 -1.264911064067352 -0.894427190999916 -0.5656854249492381 -0.4 -0.4 -0.5656854249492381 -0.894427190999916 -1.264911064067352 -1.6492422502470643 -2.039607805437114 -2.433105012119288 -2.8284271247461903 -3.2249030993194197 -3.622154055254967 
-6.092618484691127 -5.946427498927402 -5.824087911424415 -5.727128425310542 -5.656854249492381 -5.61426753904728 -5.6000000000000005 -5.6000000000000005 -5.61426753904728 -5.656854249492381 -5.727128425310542 -1.7976931348623157E308 -1.7976931348623157E308 -6.092618484691127 -6.260990336999412 -6.449806198638839 -6.6573267908372955 -6.881860213634102 -7.121797525905944 -7.37563556583431 -7.64198926981712 -7.919595949289333 -8.207313811473277 -8.50411665018772 -8.809086218218097 -9.121403400793104 -9.440338976964759 -9.765244492586962 -10.09554357129917 -10.43072384832424 -10.77032961426901 -11.113955191559844 -11.22853507809456 -10.829589096544709 -10.43072384832424 -10.031948963187563 -9.633275663033837 -9.234717104492157 -8.836288813749809 -8.438009243891596 -8.039900496896712 -7.64198926981712 -7.244308110509934 -6.846897107449476 -6.449806198638839 -6.053098380168623 -5.656854249492381 -5.261178575186363 -4.866210024238576 -4.47213595499958 -4.079215610874228 -3.687817782917155 -3.2984845004941286 -2.9120439557122073 -2.529822128134704 -1.7976931348623157E308 -1.7976931348623157E308 -1.4422205101855958 -1.1313708498984762 -0.894427190999916 -0.8 -0.8 -0.894427190999916 -1.1313708498984762 -1.4422205101855958 -1.788854381999832 -2.1540659228538015 -2.529822128134704 -2.9120439557122073 -3.2984845004941286 -3.687817782917155 
-5.727128425310542 -5.571355310873648 -5.440588203494178 -5.336665625650534 -5.261178575186363 -5.21536192416212 -5.2 -5.2 -5.21536192416212 -5.261178575186363 -5.336665625650534 -1.7976931348623157E308 -1.7976931348623157E308 -5.727128425310542 -5.90592922409336 -6.105735008989499 -6.324555320336759 -6.560487786742691 -6.811754546370562 -7.076722405181653 -7.353910524340094 -7.64198926981712 -7.939773296511683 -8.246211251235321 -8.560373823613078 -8.881441324469808 -9.20869154657707 -9.54148835350125 -9.879271228182775 -10.22154587134451 -10.567875850898325 -10.917875251164945 -11.26410227226298 -10.8664621657649 -10.469001862641921 -10.071742649611338 -9.674709297958259 -9.277930803794561 -8.881441324469808 -8.485281374238571 -8.089499366462674 -7.694153624668537 -7.299315036357864 -6.905070600652827 -6.511528238439883 -6.118823416311343 -5.727128425310542 -5.336665625650534 -4.947726750741193 -4.560701700396552 -4.17612260356422 -3.7947331922020555 -3.4176014981270124 -3.0463092423455636 -2.683281572999748 -1.7976931348623157E308 -1.7976931348623157E308 -1.697056274847714 -1.4422205101855958 -1.264911064067352 -1.2000000000000002 -1.2000000000000002 -1.264911064067352 -1.4422205101855958 -1.697056274847714 -2.0 -2.3323807579381204 -2.683281572999748 -3.0463092423455636 -3.4176014981270124 -3.7947331922020555 
-5.366563145999496 -5.2 -5.059644256269408 -4.947726750741193 -4.866210024238576 -4.8166378315169185 -4.800000000000001 -4.800000000000001 -4.8166378315169185 -4.866210024238576 -4.947726750741193 -1.7976931348623157E308 -1.7976931348623157E308 -5.366563145999496 -5.556977595779922 -5.768882040742383 -6.0 -6.248199740725323 -6.511528238439883 -6.788225099390856 -7.076722405181653 -7.37563556583431 -7.683749084919419 -8.0 -8.323460818673926 -8.653323061113575 -8.988882021697693 -9.329523031752482 -9.674709297958259 -10.023971268913336 -10.376897416858277 -10.733126291998992 -11.092339699089639 -10.917875251164945 -10.522357150372725 -10.12719112093773 -9.732420048477152 -9.338094023943002 -8.94427190999916 -8.55102333057278 -8.158431221748456 -7.76659513557904 -7.37563556583431 -6.985699678629192 -6.596969000988257 -6.20966987850401 -5.824087911424415 -5.440588203494178 -5.059644256269408 -4.681879964287851 -4.308131845707603 -3.939543120718442 -3.577708763999664 -3.2249030993194197 -2.8844410203711917 -1.7976931348623157E308 -1.7976931348623157E308 -2.0 -1.788854381999832 -1.6492422502470643 -1.6 -1.6 -1.6492422502470643 -1.788854381999832 -2.0 -2.2627416997969525 -2.5612496949731396 -2.8844410203711917 -3.2249030993194197 -3.577708763999664 -3.939543120718442 
-5.011985634456668 -4.833218389437829 -4.681879964287851 -4.560701700396552 -4.47213595499958 -4.418144406874904 -4.4 -4.4 -4.418144406874904 -4.47213595499958 -4.560701700396552 -1.7976931348623157E308 -1.7976931348623157E308 -5.011985634456668 -5.21536192416212 -5.440588203494178 -5.685068161420759 -5.946427498927402 -6.222539674441618 -6.511528238439883 -6.811754546370562 -7.121797525905944 -7.44043009509531 -7.76659513557904 -8.099382692526635 -8.438009243891596 -8.78179936004006 -9.130169768410662 -9.482615672903759 -9.838699100999076 -10.19803902718557 -10.56030302595527 -10.92520022699813 -10.983624174196786 -10.590561835898981 -10.19803902718557 -9.806120537705011 -9.414881836751857 -9.024411338142782 -8.634813257969162 -8.246211251235321 -7.8587530817554 -7.472616676907762 -7.08801805866774 -6.705221845696085 -6.324555320336759 -5.946427498927402 -5.571355310873648 -5.2 -4.833218389437829 -4.47213595499958 -4.118252056394801 -3.7735924528226414 -3.440930106817051 -3.1240998703626617 -1.7976931348623157E308 -1.7976931348623157E308 -2.3323807579381204 -2.1540659228538015 -2.039607805437114 -2.0 -2.0 -2.039607805437114 -2.1540659228538015 -2.3323807579381204 -2.5612496949731396 -2.8284271247461903 -3.1240998703626617 -3.440930106817051 -3.7735924528226414 -4.118252056394801 
-4.664761515876241 -4.47213595499958 -4.308131845707603 -4.17612260356422 -4.079215610874228 -4.019950248448356 -4.0 -4.0 -4.019950248448356 -4.079215610874228 -4.17612260356422 -1.7976931348623157E308 -1.7976931348623157E308 -4.664761515876241 -4.882622246293481 -5.122499389946279 -5.3814496188294845 -5.656854249492381 -5.946427498927402 -6.248199740725323 -6.560487786742691 -6.881860213634102 -7.211102550927979 -7.547184905645283 -7.889233169326409 -8.236504112789602 -8.588364221433556 -8.94427190999916 -9.303762679690406 -9.666436778875658 -10.031948963187563 -10.4 -10.77032961426901 -11.063453348751466 -10.673331251301068 -10.283968105745954 -9.895453501482386 -9.50789145920377 -9.121403400793104 -8.736131867136622 -8.35224520712844 -7.96994353806851 -7.589466384404111 -7.211102550927979 -6.835202996254025 -6.4621977685614045 -6.092618484691127 -5.727128425310542 -5.366563145999496 -5.011985634456668 -4.664761515876241 -4.3266615305567875 -4.0 -3.687817782917155 -3.394112549695428 -1.7976931348623157E308 -1.7976931348623157E308 -2.683281572999748 -2.529822128134704 -2.433105012119288 -2.4000000000000004 -2.4000000000000004 -2.433105012119288 -2.529822128134704 -2.683281572999748 -2.8844410203711917 -3.1240998703626617 -3.394112549695428 -3.687817782917155 -4.0 -4.3266615305567875 
-4.3266615305567875 -4.118252056394801 -3.939543120718442 -3.7947331922020555 -3.687817782917155 -3.622154055254967 -3.6 -3.6 -3.622154055254967 -3.687817782917155 -3.7947331922020555 -1.7976931348623157E308 -1.7976931348623157E308 -4.3266615305567875 -4.560701700396552 -4.8166378315169185 -5.091168824543143 -5.3814496188294845 -5.685068161420759 -6.0 -6.324555320336759 -6.6573267908372955 -6.997142273814361 -7.3430239002743285 -7.694153624668537 -8.049844718999244 -8.409518416651457 -8.772684879784524 -9.138927727036691 -9.50789145920377 -9.879271228182775 -10.252804494381039 -10.62826420446914 -11.005453193758084 -10.77032961426901 -10.384603988597737 -10.0 -9.616652224137047 -9.234717104492157 -8.854377448471462 -8.475848040166836 -8.099382692526635 -7.725283166331187 -7.353910524340094 -6.985699678629192 -6.6211781428987395 -6.260990336999412 -5.90592922409336 -5.556977595779922 -5.21536192416212 -4.882622246293481 -4.560701700396552 -4.25205832509386 -3.9597979746446663 -3.687817782917155 -1.7976931348623157E308 -1.7976931348623157E308 -3.0463092423455636 -2.9120439557122073 -2.8284271247461903 -2.8000000000000003 -2.8000000000000003 -2.8284271247461903 -2.9120439557122073 -3.0463092423455636 -3.2249030993194197 -3.440930106817051 -3.687817782917155 -3.9597979746446663 -4.25205832509386 -4.560701700396552 
-4.0 -3.7735924528226414 -3.577708763999664 -3.4176014981270124 -3.2984845004941286 -3.2249030993194197 -3.2 -3.2 -3.2249030993194197 -3.2984845004941286 -3.4176014981270124 -1.7976931348623157E308 -1.7976931348623157E308 -4.0 -4.25205832509386 -4.525483399593905 -4.8166378315169185 -5.122499389946279 -5.440588203494178 -5.768882040742383 -6.105735008989499 -6.449806198638839 -6.800000000000001 -7.155417527999328 -7.515317691222375 -7.879086241436884 -8.246211251235321 -8.616263691415206 -8.988882021697693 -9.363759928575702 -9.740636529508738 -10.119288512538816 -10.49952379872535 -10.881176406988356 -10.881176406988356 -10.49952379872535 -10.119288512538816 -9.740636529508738 -9.363759928575702 -8.988882021697693 -8.616263691415206 -8.246211251235321 -7.879086241436884 -7.515317691222375 -7.155417527999328 -6.800000000000001 -6.449806198638839 -6.105735008989499 -5.768882040742383 -5.440588203494178 -5.122499389946279 -4.8166378315169185 -4.525483399593905 -4.25205832509386 -4.0 -1.7976931348623157E308 -1.7976931348623157E308 -3.4176014981270124 -3.2984845004941286 -3.2249030993194197 -3.2 -3.2 -3.2249030993194197 -3.2984845004941286 -3.4176014981270124 -3.577708763999664 -3.7735924528226414 -4.0 -4.25205832509386 -4.525483399593905 -4.8166378315169185 
-3.687817782917155 -3.440930106817051 -3.2249030993194197 -3.0463092423455636 -2.9120439557122073 -2.8284271247461903 -2.8000000000000003 -2.8000000000000003 -2.8284271247461903 -2.9120439557122073 -3.0463092423455636 -1.7976931348623157E308 -1.7976931348623157E308 -3.687817782917155 -3.9597979746446663 -4.25205832509386 -4.560701700396552 -4.882622246293481 -5.21536192416212 -5.556977595779922 -5.90592922409336 -6.260990336999412 -6.6211781428987395 -6.985699678629192 -7.353910524340094 -7.725283166331187 -8.099382692526635 -8.475848040166836 -8.854377448471462 -9.234717104492157 -9.616652224137047 -10.0 -10.384603988597737 -10.77032961426901 -11.005453193758084 -10.62826420446914 -10.252804494381039 -9.879271228182775 -9.50789145920377 -9.138927727036691 -8.772684879784524 -8.409518416651457 -8.049844718999244 -7.694153624668537 -7.3430239002743285 -6.997142273814361 -6.6573267908372955 -6.324555320336759 -6.0 -5.685068161420759 -5.3814496188294845 -5.091168824543143 -4.8166378315169185 -4.560701700396552 -4.3266615305567875 -1.7976931348623157E308 -1.7976931348623157E308 -3.7947331922020555 -3.687817782917155 -3.622154055254967 -3.6 -3.6 -3.622154055254967 -3.687817782917155 -3.7947331922020555 -3.939543120718442 -4.118252056394801 -4.3266615305567875 -4.560701700396552 -4.8166378315169185 -5.091168824543143 
-3.394112549695428 -3.1240998703626617 -2.8844410203711917 -2.683281572999748 -2.529822128134704 -2.433105012119288 -2.4000000000000004 -2.4000000000000004 -2.433105012119288 -2.529822128134704 -2.683281572999748 -1.7976931348623157E308 -1.7976931348623157E308 -3.394112549695428 -3.687817782917155 -4.0 -4.3266615305567875 -4.664761515876241 -5.011985634456668 -5.366563145999496 -5.727128425310542 -6.092618484691127 -6.4621977685614045 -6.835202996254025 -7.211102550927979 -7.589466384404111 -7.96994353806851 -8.35224520712844 -8.736131867136622 -9.121403400793104 -9.50789145920377 -9.895453501482386 -10.283968105745954 -10.673331251301068 -11.063453348751466 -10.77032961426901 -10.4 -10.031948963187563 -9.666436778875658 -9.303762679690406 -8.94427190999916 -8.588364221433556 -8.236504112789602 -7.889233169326409 -7.547184905645283 -7.211102550927979 -6.881860213634102 -6.560487786742691 -6.248199740725323 -5.946427498927402 -5.656854249492381 -5.3814496188294845 -5.122499389946279 -4.882622246293481 -4.664761515876241 -1.7976931348623157E308 -1.7976931348623157E308 -4.17612260356422 -4.079215610874228 -4.019950248448356 -4.0 -4.0 -4.019950248448356 -4.079215610874228 -4.17612260356422 -4.308131845707603 -4.47213595499958 -4.664761515876241 -4.882622246293481 -5.122499389946279 -5.3814496188294845 
-3.1240998703626617 -2.8284271247461903 -2.5612496949731396 -2.3323807579381204 -2.1540659228538015 -2.039607805437114 -2.0 -2.0 -2.039607805437114 -2.1540659228538015 -2.3323807579381204 -1.7976931348623157E308 -1.7976931348623157E308 -3.1240998703626617 -3.440930106817051 -3.7735924528226414 -4.118252056394801 -4.47213595499958 -4.833218389437829 -5.2 -5.571355310873648 -5.946427498927402 -6.324555320336759 -6.705221845696085 -7.08801805866774 -7.472616676907762 -7.8587530817554 -8.246211251235321 -8.634813257969162 -9.024411338142782 -9.414881836751857 -9.806120537705011 -10.19803902718557 -10.590561835898981 -10.983624174196786 -10.92520022699813 -10.56030302595527 -10.19803902718557 -9.838699100999076 -9.482615672903759 -9.130169768410662 -8.78179936004006 -8.438009243891596 -8.099382692526635 -7.76659513557904 -7.44043009509531 -7.121797525905944 -6.811754546370562 -6.511528238439883 -6.222539674441618 -5.946427498927402 -5.685068161420759 -5.440588203494178 -5.21536192416212 -5.011985634456668 -1.7976931348623157E308 -1.7976931348623157E308 -4.560701700396552 -4.47213595499958 -4.418144406874904 -4.4 -4.4 -4.418144406874904 -4.47213595499958 -4.560701700396552 -4.681879964287851 -4.833218389437829 -5.011985634456668 -5.21536192416212 -5.440588203494178 -5.685068161420759 
-2.8844410203711917 -2.5612496949731396 -2.2627416997969525 -2.0 -1.788854381999832 -1.6492422502470643 -1.6 -1.6 -1.6492422502470643 -1.788854381999832 -2.0 -1.7976931348623157E308 -1.7976931348623157E308 -2.8844410203711917 -3.2249030993194197 -3.577708763999664 -3.939543120718442 -4.308131845707603 -4.681879964287851 -5.059644256269408 -5.440588203494178 -5.824087911424415 -6.20966987850401 -6.596969000988257 -6.985699678629192 -7.37563556583431 -7.76659513557904 -8.158431221748456 -8.55102333057278 -8.94427190999916 -9.338094023943002 -9.732420048477152 -10.12719112093773 -10.522357150372725 -10.917875251164945 -11.092339699089639 -10.733126291998992 -10.376897416858277 -10.023971268913336 -9.674709297958259 -9.329523031752482 -8.988882021697693 -8.653323061113575 -8.323460818673926 -8.0 -7.683749084919419 -7.37563556583431 -7.076722405181653 -6.788225099390856 -6.511528238439883 -6.248199740725323 -6.0 -5.768882040742383 -5.556977595779922 -5.366563145999496 -1.7976931348623157E308 -1.7976931348623157E308 -4.947726750741193 -4.866210024238576 -4.8166378315169185 -4.800000000000001 -4.800000000000001 -4.8166378315169185 -4.866210024238576 -4.947726750741193 -5.059644256269408 -5.2 -5.366563145999496 -5.556977595779922 -5.768882040742383 -6.0 
-2.683281572999748 -2.3323807579381204 -2.0 -1.697056274847714 -1.4422205101855958 -1.264911064067352 -1.2000000000000002 -1.2000000000000002 -1.264911064067352 -1.4422205101855958 -1.697056274847714 -1.7976931348623157E308 -1.7976931348623157E308 -2.683281572999748 -3.0463092423455636 -3.4176014981270124 -3.7947331922020555 -4.17612260356422 -4.560701700396552 -4.947726750741193 -5.336665625650534 -5.727128425310542 -6.118823416311343 -6.511528238439883 -6.905070600652827 -7.299315036357864 -7.694153624668537 -8.089499366462674 -8.485281374238571 -8.881441324469808 -9.277930803794561 -9.674709297958259 -10.071742649611338 -10.469001862641921 -10.8664621657649 -11.26410227226298 -10.917875251164945 -10.567875850898325 -10.22154587134451 -9.879271228182775 -9.54148835350125 -9.20869154657707 -8.881441324469808 -8.560373823613078 -8.246211251235321 -7.939773296511683 -7.64198926981712 -7.353910524340094 -7.076722405181653 -6.811754546370562 -6.560487786742691 -6.324555320336759 -6.105735008989499 -5.90592922409336 -5.727128425310542 -1.7976931348623157E308 -1.7976931348623157E308 -5.336665625650534 -5.261178575186363 -5.21536192416212 -5.2 -5.2 -5.21536192416212 -5.261178575186363 -5.336665625650534 -5.440588203494178 -5.571355310873648 -5.727128425310542 -5.90592922409336 -6.105735008989499 -6.324555320336759 
-2.529822128134704 -2.1540659228538015 -1.788854381999832 -1.4422205101855958 -1.1313708498984762 -0.894427190999916 -0.8 -0.8 -0.894427190999916 -1.1313708498984762 -1.4422205101855958 -1.7976931348623157E308 -1.7976931348623157E308 -2.529822128134704 -2.9120439557122073 -3.2984845004941286 -3.687817782917155 -4.079215610874228 -4.47213595499958 -4.866210024238576 -5.261178575186363 -5.656854249492381 -6.053098380168623 -6.449806198638839 -6.846897107449476 -7.244308110509934 -7.64198926981712 -8.039900496896712 -8.438009243891596 -8.836288813749809 -9.234717104492157 -9.633275663033837 -10.031948963187563 -10.43072384832424 -10.829589096544709 -11.22853507809456 -11.113955191559844 -10.77032961426901 -10.43072384832424 -10.09554357129917 -9.765244492586962 -9.440338976964759 -9.121403400793104 -8.809086218218097 -8.50411665018772 -8.207313811473277 -7.919595949289333 -7.64198926981712 -7.37563556583431 -7.121797525905944 -6.881860213634102 -6.6573267908372955 -6.449806198638839 -6.260990336999412 -6.092618484691127 -1.7976931348623157E308 -1.7976931348623157E308 -5.727128425310542 -5.656854249492381 -5.61426753904728 -5.6000000000000005 -5.6000000000000005 -5.61426753904728 -5.656854249492381 -5.727128425310542 -5.824087911424415 -5.946427498927402 -6.092618484691127 -6.260990336999412 -6.449806198638839 -6.6573267908372955 
-2.433105012119288 -2.039607805437114 -1.6492422502470643 -1.264911064067352 -0.894427190999916 -0.5656854249492381 -0.4 -0.4 -0.5656854249492381 -0.894427190999916 -1.264911064067352 -1.7976931348623157E308 -1.7976931348623157E308 -2.433105012119288 -2.8284271247461903 -3.2249030993194197 -3.622154055254967 -4.019950248448356 -4.418144406874904 -4.8166378315169185 -5.21536192416212 -5.61426753904728 -6.013318551349164 -6.412487816752559 -6.811754546370562 -7.211102550927979 -7.6105190361761785 -8.009993757800315 -8.409518416651457 -8.809086218218097 -9.20869154657707 -9.60832971957145 -10.007996802557443 -10.40768946500615 -10.807404868885037 -11.207140580897521 -11.320777358467925 -10.983624174196786 -10.650821564555478 -10.322790320451153 -10.0 -9.682974749528164 -9.372299611087985 -9.068627239003709 -8.772684879784524 -8.485281374238571 -8.207313811473277 -7.939773296511683 -7.683749084919419 -7.44043009509531 -7.211102550927979 -6.997142273814361 -6.800000000000001 -6.6211781428987395 -6.4621977685614045 -1.7976931348623157E308 -1.7976931348623157E308 -6.118823416311343 -6.053098380168623 -6.013318551349164 -6.0 -6.0 -6.013318551349164 -6.053098380168623 -6.118823416311343 -6.20966987850401 -6.324555320336759 -6.4621977685614045 -6.6211781428987395 -6.800000000000001 -6.997142273814361 
-2.4000000000000004 -2.0 -1.6 -1.2000000000000002 -0.8 -0.4 -0.0 -0.0 -0.4 -0.8 -1.2000000000000002 -1.7976931348623157E308 -1.7976931348623157E308 -2.4000000000000004 -2.8000000000000003 -3.2 -3.6 -4.0 -4.4 -4.800000000000001 -5.2 -5.6000000000000005 -6.0 -6.4 -6.800000000000001 -7.2 -7.6000000000000005 -8.0 -8.4 -8.8 -9.200000000000001 -9.600000000000001 -10.0 -10.4 -10.8 -11.200000000000001 -11.537764081484767 -11.207140580897521 -10.881176406988356 -10.56030302595527 -10.244998779892558 -9.935793878699378 -9.633275663033837 -9.338094023943002 -9.05096679918781 -8.772684879784524 -8.50411665018772 -8.246211251235321 -8.0 -7.76659513557904 -7.547184905645283 -7.3430239002743285 -7.155417527999328 -6.985699678629192 -6.835202996254025 -1.7976931348623157E308 -1.7976931348623157E308 -6.511528238439883 -6.449806198638839 -6.412487816752559 -6.4 -6.4 -6.412487816752559 -6.449806198638839 -6.511528238439883 -6.596969000988257 -6.705221845696085 -6.835202996254025 -6.985699678629192 -7.155417527999328 -7.3430239002743285 
-2.4000000000000004 -2.0 -1.6 -1.2000000000000002 -0.8 -0.4 -0.0 -0.0 -0.4 -0.8 -1.2000000000000002 -1.6 -2.0 -2.4000000000000004 -2.8000000000000003 -3.2 -3.6 -4.0 -4.4 -4.800000000000001 -5.2 -5.6000000000000005 -6.0 -6.4 -6.800000000000001 -7.2 -7.6000000000000005 -8.0 -8.4 -8.8 -9.200000000000001 -9.600000000000001 -10.0 -10.4 -10.8 -11.200000000000001 -11.600000000000001 -11.440279716860074 -11.121151019566277 -10.807404868885037 -10.49952379872535 -10.19803902718557 -9.903534722511958 -9.616652224137047 -9.338094023943002 -9.068627239003709 -8.809086218218097 -8.560373823613078 -8.323460818673926 -8.099382692526635 -7.889233169326409 -7.694153624668537 -7.515317691222375 -7.353910524340094 -7.211102550927979 -1.7976931348623157E308 -1.7976931348623157E308 -6.905070600652827 -6.846897107449476 -6.811754546370562 -6.800000000000001 -6.800000000000001 -6.811754546370562 -6.846897107449476 -6.905070600652827 -6.985699678629192 -7.08801805866774 -7.211102550927979 -7.353910524340094 -7.515317691222375 -7.694153624668537 
-2.4000000000000004 -2.0 -1.6 -1.2000000000000002 -0.8 -0.4 -0.0 -0.0 -0.4 -0.8 -1.2000000000000002 -1.6 -2.0 -2.4000000000000004 -2.8000000000000003 -3.2 -3.6 -4.0 -4.4 -4.800000000000001 -5.2 -5.6000000000000005 -6.0 -6.4 -6.800000000000001 -7.2 -7.6000000000000005 -8.0 -8.4 -8.8 -9.200000000000001 -9.600000000000001 -10.0 -10.4 -10.8 -11.200000000000001 -11.600000000000001 -11.682465493208188 -11.370136322841518 -11.063453348751466 -10.762899237658969 -10.469001862641921 -10.182337649086286 -9.903534722511958 -9.633275663033837 -9.372299611087985 -9.121403400793104 -8.881441324469808 -8.653323061113575 -8.438009243891596 -8.236504112789602 -8.049844718999244 -7.879086241436884 -7.725283166331187 -7.589466384404111 -1.7976931348623157E308 -1.7976931348623157E308 -7.299315036357864 -7.244308110509934 -7.211102550927979 -7.2 -7.2 -7.211102550927979 -7.244308110509934 -7.299315036357864 -7.37563556583431 -7.472616676907762 -7.589466384404111 -7.725283166331187 -7.879086241436884 -8.049844718999244 
-2.4000000000000004 -2.0 -1.6 -1.2000000000000002 -0.8 -0.4 -0.0 -0.0 -0.4 -0.8 -1.2000000000000002 -1.7976931348623157E308 -1.7976931348623157E308 -2.4000000000000004 -2.8000000000000003 -3.2 -3.6 -4.0 -4.4 -4.800000000000001 -5.2 -5.6000000000000005 -6.0 -6.4 -6.800000000000001 -7.2 -7.6000000000000005 -8.0 -8.4 -8.8 -9.200000000000001 -9.600000000000001 -10.0 -10.4 -10.8 -11.200000000000001 -11.600000000000001 -11.93314711214104 -11.627553482998907 -11.327841806805038 -11.034491379306978 -10.748023074035522 -10.469001862641921 -10.19803902718557 -9.935793878699378 -9.682974749528164 -9.440338976964759 -9.20869154657707 -8.988882021697693 -8.78179936004006 -8.588364221433556 -8.409518416651457 -8.246211251235321 -8.099382692526635 -7.96994353806851 -1.7976931348623157E308 -1.7976931348623157E308 -7.694153624668537 -7.64198926981712 -7.6105190361761785 -7.6000000000000005 -7.6000000000000005 -7.6105190361761785 -7.64198926981712 -7.694153624668537 -7.76659513557904 -7.8587530817554 -7.96994353806851 -8.099382692526635 -8.246211251235321 -8.409518416651457 
-2.433105012119288 -2.039607805437114 -1.6492422502470643 -1.264911064067352 -0.894427190999916 -0.5656854249492381 -0.4 -0.4 -0.5656854249492381 -0.894427190999916 -1.264911064067352 -1.7976931348623157E308 -1.7976931348623157E308 -2.433105012119288 -2.8284271247461903 -3.2249030993194197 -3.622154055254967 -4.019950248448356 -4.418144406874904 -4.8166378315169185 -5.21536192416212 -5.61426753904728 -6.013318551349164 -6.412487816752559 -6.811754546370562 -7.211102550927979 -7.6105190361761785 -8.009993757800315 -8.409518416651457 -8.809086218218097 -9.20869154657707 -9.60832971957145 -10.007996802557443 -10.40768946500615 -10.807404868885037 -11.207140580897521 -11.606894502837527 -12.006664815842909 -11.892854997854805 -11.600000000000001 -11.313708498984761 -11.034491379306978 -10.762899237658969 -10.49952379872535 -10.244998779892558 -10.0 -9.765244492586962 -9.54148835350125 -9.329523031752482 -9.130169768410662 -8.94427190999916 -8.772684879784524 -8.616263691415206 -8.475848040166836 -8.35224520712844 -1.7976931348623157E308 -1.7976931348623157E308 -8.089499366462674 -8.039900496896712 -8.009993757800315 -8.0 -8.0 -8.009993757800315 -8.039900496896712 -8.089499366462674 -8.158431221748456 -8.246211251235321 -8.35224520712844 -8.475848040166836 -8.616263691415206 -8.772684879784524 
