<?xml version="1.0" encoding="UTF-8" standalone="yes"?>
<output>
    <algorithm>eFastMarching</algorithm>
    <cellsize>40.0cm</cellsize>
    <deviation>1.44</deviation>
    <distanceMap>-10.834813248774914 -10.724182898725484 -10.62766186694257 -10.54598649412569 -10.479994277434479 -10.43074777276783 -10.4 -10.4 -10.43074777276783 -10.479994277434479 -10.54598649412569 -10.831556564067139 -11.167927298080146 -11.527238601875816 -11.89902667198897 -12.278364530599465 -12.662612849193843 -13.05022893643751 -13.44025134166665 -13.832050333195646 -14.225196676939504 -14.619388046041003 -15.014405557459737 -15.410086979486266 -15.806309609054267 -15.708553945151877 -15.309329202233815 -14.910153552732908 -14.511031764050404 -14.111969236701036 -13.712972112362227 -13.314047404721135 -12.915203158907651 -12.51644864704283 -12.117794609777182 -11.719253556892513 -11.320840144449962 -10.922571652117275 -10.524468592997856 -10.126555500723827 -9.728861956659202 -9.331423946762532 -8.934285677798469 -8.537502044096302 -8.14114203232173 -7.7452935059963 -7.350070065276848 -6.955621107469674 -6.56214696694942 -6.169922383969173 -5.77933415958308 -5.390944079412458 -5.005599332552251 -4.624638300486645 -4.250304616448026 -3.8866698173526353 -3.542013668280843 -3.236637735965812 -3.0484670935326763 -2.8991320755628722 -2.8000000000000003 -2.8000000000000003 -2.8991320755628722 -3.0484670935326763 -3.236637735965812 -3.4559608180084007 -3.700651841752845 -3.9662032876696096 -4.2490460001442285 -4.546325077265127 -4.855738683835572 
-10.45041641521881 -10.336002927032517 -10.236089225565228 -10.15146776537358 -10.083037375771223 -10.031931305618057 -10.0 -10.0 -10.031931305618057 -10.083037375771223 -10.15146776537358 -10.55146776537358 -10.951467765373579 -11.35146776537358 -11.75146776537358 -12.15146776537358 -12.55146776537358 -12.951467765373579 -13.35146776537358 -13.75146776537358 -14.15146776537358 -14.55146776537358 -14.951467765373579 -15.35146776537358 -15.75146776537358 -15.683662086201842 -15.283662086201842 -14.883662086201841 -14.483662086201841 -14.08366208620184 -13.683662086201842 -13.283662086201842 -12.883662086201841 -12.483662086201841 -12.08366208620184 -11.683662086201842 -11.283662086201842 -10.883662086201841 -10.483662086201841 -10.08366208620184 -9.683662086201842 -9.283662086201842 -8.883662086201841 -8.483662086201841 -8.08366208620184 -7.683662086201841 -7.283662086201841 -6.883662086201841 -6.483662086201841 -6.083662086201841 -5.683662086201841 -5.283662086201841 -4.883662086201841 -4.483662086201841 -4.083662086201841 -3.6836620862018408 -3.283662086201841 -2.8836620862018414 -2.677388864033881 -2.511610680547581 -2.4000000000000004 -2.4000000000000004 -2.511610680547581 -2.677388864033881 -2.8836620862018414 -3.12145015198512 -3.3842244363359173 -3.6670671488105366 -3.9662032876696096 -4.278696322632634 -4.602236770491549 
-10.067128594226446 -9.948682320481424 -9.84514267106574 -9.757364629406782 -9.686315597198986 -9.633207852932447 -9.600000000000001 -9.600000000000001 -9.633207852932447 -9.686315597198986 -9.757364629406782 -1.7976931348623157E308 -1.7976931348623157E308 -1.7976931348623157E308 -1.7976931348623157E308 -1.7976931348623157E308 -1.7976931348623157E308 -1.7976931348623157E308 -1.7976931348623157E308 -1.7976931348623157E308 -1.7976931348623157E308 -1.7976931348623157E308 -1.7976931348623157E308 -1.7976931348623157E308 -1.7976931348623157E308 -1.7976931348623157E308 -1.7976931348623157E308 -1.7976931348623157E308 -1.7976931348623157E308 -1.7976931348623157E308 -1.7976931348623157E308 -1.7976931348623157E308 -1.7976931348623157E308 -1.7976931348623157E308 -1.7976931348623157E308 -1.7976931348623157E308 -1.7976931348623157E308 -1.7976931348623157E308 -1.7976931348623157E308 -1.7976931348623157E308 -1.7976931348623157E308 -1.7976931348623157E308 -1.7976931348623157E308 -1.7976931348623157E308 -1.7976931348623157E308 -1.7976931348623157E308 -1.7976931348623157E308 -1.7976931348623157E308 -1.7976931348623157E308 -1.7976931348623157E308 -1.7976931348623157E308 -1.7976931348623157E308 -1.7976931348623157E308 -1.7976931348623157E308 -1.7976931348623157E308 -1.7976931348623157E308 -1.7976931348623157E308 -2.5409503154433124 -2.313359203319289 -2.1274973431226702 -2.0 -2.0 -2.1274973431226702 -2.313359203319289 -2.5409503154433124 -2.7998030848897577 -3.0826457973643766 -3.3842244363359173 -3.700651841752845 -4.029000301239429 -4.367031373871385 
-9.685067761065142 -9.562315213963643 -9.454892731408393 -9.363725156002054 -9.289856813087827 -9.234588688185367 -9.200000000000001 -9.200000000000001 -9.234588688185367 -9.289856813087827 -9.363725156002054 -1.7976931348623157E308 -1.7976931348623157E308 -1.7976931348623157E308 -1.7976931348623157E308 -1.7976931348623157E308 -1.7976931348623157E308 -1.7976931348623157E308 -1.7976931348623157E308 -1.7976931348623157E308 -1.7976931348623157E308 -1.7976931348623157E308 -1.7976931348623157E308 -1.7976931348623157E308 -1.7976931348623157E308 -1.7976931348623157E308 -1.7976931348623157E308 -1.7976931348623157E308 -1.7976931348623157E308 -1.7976931348623157E308 -1.7976931348623157E308 -1.7976931348623157E308 -1.7976931348623157E308 -1.7976931348623157E308 -1.7976931348623157E308 -1.7976931348623157E308 -1.7976931348623157E308 -1.7976931348623157E308 -1.7976931348623157E308 -1.7976931348623157E308 -1.7976931348623157E308 -1.7976931348623157E308 -1.7976931348623157E308 -1.7976931348623157E308 -1.7976931348623157E308 -1.7976931348623157E308 -1.7976931348623157E308 -1.7976931348623157E308 -1.7976931348623157E308 -1.7976931348623157E308 -1.7976931348623157E308 -1.7976931348623157E308 -1.7976931348623157E308 -1.7976931348623157E308 -1.7976931348623157E308 -1.7976931348623157E308 -1.7976931348623157E308 -2.2120091570545397 -1.959162409256647 -1.7483609197910952 -1.6 -1.6 -1.7483609197910952 -1.959162409256647 -2.2120091570545397 -2.4948518695291586 -2.7998030848897577 -3.12145015198512 -3.4559608180084007 -3.8005549266905376 -4.1531739589069145 
-9.304368651294508 -9.177009607669552 -9.065420687232516 -8.970604986187423 -8.893693419562185 -8.836086965918579 -8.8 -8.8 -8.836086965918579 -8.893693419562185 -8.970604986187423 -1.7976931348623157E308 -1.7976931348623157E308 -11.600000000000001 -11.634588688185467 -11.689856813087843 -11.763725156002007 -11.854892731408322 -11.962315213963548 -12.085067761065023 -12.222295633155298 -12.373193780846849 -12.536997867287226 -12.712980225068538 -12.9004479956128 -13.09874218987223 -13.307237070195422 -13.419799123012789 -13.027661866942442 -12.636089225565126 -12.245142671065594 -11.854892731408322 -11.465420687232502 -11.07682065785091 -10.689202182696476 -10.302693438549914 -9.917445279405047 -9.533636350142372 -9.151479615074004 -8.771230769515878 -8.393199184467184 -8.017762298370924 -7.64538475824288 -7.2766441928139445 -6.9122663826219215 -6.553173958906895 -6.200554926690522 -5.855960818008402 -5.521450151985114 -5.199803084889744 -4.894851869529148 -4.612009157054529 -4.359162409256643 -4.148360919791092 -4.0 -1.7976931348623157E308 -1.7976931348623157E308 -1.9020599319739966 -1.6192172194993775 -1.3768921627216202 -1.2000000000000002 -1.2000000000000002 -1.3768921627216202 -1.6192172194993775 -1.9020599319739966 -2.2120091570545397 -2.5409503154433124 -2.8836620862018414 -3.236637735965812 -3.5974419033228315 -3.9643358851008585 
-8.925185748189778 -8.792889948141836 -8.676820657850978 -8.578068859290484 -8.497863283647076 -8.43771812816798 -8.4 -8.4 -8.43771812816798 -8.497863283647076 -8.578068859290484 -1.7976931348623157E308 -1.7976931348623157E308 -11.200000000000001 -11.236086965918604 -11.293693419562118 -11.37060498618731 -11.465420687232502 -11.577009607669503 -11.704368651294445 -11.846571650527665 -12.002748442067608 -12.172075654664514 -12.35377247215991 -12.547098543926309 -12.751352764985745 -12.965872331420336 -13.190031799919447 -12.945986494125615 -12.55146776537352 -12.157364629406715 -11.763725156002007 -11.37060498618731 -10.978068859290406 -10.586192519566149 -10.195065115718554 -9.804792246519739 -9.415499861952139 -9.027339309565702 -8.640493931916307 -8.255187791610096 -7.871697355252417 -7.490367354680664 -7.111632643401055 -6.736048814739232 -6.364335885100837 -5.997441903322818 -5.636637735965813 -5.283662086201847 -4.940950315443303 -4.612009157054529 -4.30205993197399 -4.019217219499371 -3.7768921627216203 -3.6 -1.7976931348623157E308 -1.7976931348623157E308 -1.6192172194993775 -1.3009742826450679 -1.0181315701704488 -0.8 -0.8 -1.0181315701704488 -1.3009742826450679 -1.6192172194993775 -1.959162409256647 -2.313359203319289 -2.677388864033881 -3.0484670935326763 -3.4247561980145806 -3.8049972327434904 
-8.547696912209544 -8.41010029330335 -8.289202182696497 -8.186192519566145 -8.10241093471939 -8.039500420365478 -8.0 -8.0 -8.039500420365478 -8.10241093471939 -8.186192519566145 -1.7976931348623157E308 -1.7976931348623157E308 -10.8 -10.837718128168031 -10.897863283646993 -10.978068859290406 -11.07682065785091 -11.192889948141831 -11.325185748189698 -11.472702278943053 -11.634497427426385 -11.809683194651665 -11.997421147604982 -12.196919975228301 -12.407433860039468 -12.628261082175474 -12.85874260196362 -12.87999427743447 -12.483037375771252 -12.086315597199059 -11.689856813087843 -11.293693419562118 -10.897863283646993 -10.502410934719336 -10.107389078129444 -9.712860536443069 -9.318900764797702 -8.925601146660593 -8.533073364787278 -8.141455275493641 -7.750918918998558 -7.361681619372049 -6.9740216422139385 -6.5883007252772785 -6.2049972327434695 -5.82475619801456 -5.448467093532655 -5.07738886403388 -4.713359203319281 -4.359162409256643 -4.019217219499371 -3.700974282645067 -3.418131570170448 -3.2 -1.7976931348623157E308 -1.7976931348623157E308 -1.3768921627216202 -1.0181315701704488 -0.682842712474619 -0.4 -0.4 -0.682842712474619 -1.0181315701704488 -1.3768921627216202 -1.7483609197910952 -2.1274973431226702 -2.511610680547581 -2.8991320755628722 -3.2890856048552433 -3.680833004769869 
-8.172107814303903 -8.02880821778681 -7.902693438549924 -7.795065115718568 -7.707389078129452 -7.641455552554122 -7.6000000000000005 -7.6000000000000005 -7.641455552554122 -7.707389078129452 -7.795065115718568 -1.7976931348623157E308 -1.7976931348623157E308 -10.4 -10.439500420365494 -10.502410934719336 -10.586192519566149 -10.689202182696476 -10.810100293303298 -10.947696912209462 -11.100897393076142 -11.268680082393075 -11.45008627174812 -11.644215172257972 -11.850220944688969 -12.067310493741807 -12.294741460618214 -12.531820181447443 -12.777899536129262 -12.431931305618123 -12.033207852932495 -11.634588688185467 -11.236086965918604 -10.837718128168031 -10.439500420365494 -10.041455552554112 -9.643609555763334 -9.245993903850394 -8.848647001498604 -8.451616185005483 -8.05496045336218 -7.658754258854514 -7.263092866921392 -6.868100094653798 -6.473939750240358 -6.080833004769876 -5.6890856048552365 -5.299132075562863 -4.911610680547578 -4.527497343122658 -4.148360919791092 -3.7768921627216203 -3.418131570170448 -3.082842712474619 -2.8000000000000003 -1.7976931348623157E308 -1.7976931348623157E308 -1.2000000000000002 -0.8 -0.4 -0.0 -0.0 -0.4 -0.8 -1.2000000000000002 -1.6 -2.0 -2.4000000000000004 -2.8000000000000003 -3.2 -3.6 
-7.79865738166517 -7.649209663445437 -7.5174452794050515 -7.404792246519759 -7.3128605364430745 -7.2436095557633156 -7.2 -7.2 -7.2436095557633156 -7.3128605364430745 -7.404792246519759 -1.7976931348623157E308 -1.7976931348623157E308 -10.0 -10.041455552554112 -10.107389078129444 -10.195065115718554 -10.302693438549914 -10.428808217786731 -10.572107814303825 -10.731398255509859 -10.905569948734467 -11.093586910649513 -11.294481030391772 -11.50734834192654 -11.731346019887736 -11.965689556953109 -12.209649915702789 -12.462550600504875 -12.4 -12.0 -11.600000000000001 -11.200000000000001 -10.8 -10.4 -10.0 -9.600000000000001 -9.200000000000001 -8.8 -8.4 -8.0 -7.6000000000000005 -7.2 -6.800000000000001 -6.4 -6.0 -5.6000000000000005 -5.2 -4.800000000000001 -4.4 -4.0 -3.6 -3.2 -2.8000000000000003 -2.4000000000000004 -2.0 -1.6 -1.2000000000000002 -0.8 -0.4 -0.0 -0.0 -0.4 -0.8 -1.2000000000000002 -1.6 -2.0 -2.4000000000000004 -2.8000000000000003 -3.2 -3.6 
-7.427624526625451 -7.271535005706159 -7.133636350142358 -7.015499861952133 -6.918900764797691 -6.845993903850396 -6.800000000000001 -6.800000000000001 -6.845993903850396 -6.918900764797691 -7.015499861952133 -1.7976931348623157E308 -1.7976931348623157E308 -9.600000000000001 -9.643609555763334 -9.712860536443069 -9.804792246519739 -9.917445279405047 -10.049209663445357 -10.198657381665129 -10.36448333984085 -10.54548076356043 -10.74052937704874 -10.948588629993894 -11.168692900984068 -11.399947407536912 -11.641524311074193 -11.892658837975459 -12.152645383338957 -12.4 -12.0 -11.600000000000001 -11.200000000000001 -10.8 -10.4 -10.0 -9.600000000000001 -9.200000000000001 -8.8 -8.4 -8.0 -7.6000000000000005 -7.2 -6.800000000000001 -6.4 -6.0 -5.6000000000000005 -5.2 -4.800000000000001 -4.4 -4.0 -3.6 -3.2 -2.8000000000000003 -2.4000000000000004 -2.0 -1.6 -1.2000000000000002 -0.8 -0.4 -0.0 -0.0 -0.4 -0.8 -1.2000000000000002 -1.6 -2.0 -2.4000000000000004 -2.8000000000000003 -3.2 -3.6 
-7.059336512349677 -6.8960566963543215 -6.751479615074058 -6.6273393095657 -6.525601146660569 -6.44864700149857 -6.4 -6.4 -6.44864700149857 -6.525601146660569 -6.6273393095657 -1.7976931348623157E308 -1.7976931348623157E308 -9.200000000000001 -9.245993903850394 -9.318900764797702 -9.415499861952139 -9.533636350142372 -9.671535005706074 -9.827624526625414 -10.000475439383848 -10.18877369521601 -10.3913073296687 -10.606958205025782 -10.834695730499245 -11.073571315889536 -11.322713082166876 -11.581320678736791 -11.848660192531938 -12.124059183964338 -12.033207852932495 -11.634588688185467 -11.236086965918604 -10.837718128168031 -10.439500420365494 -10.041455552554112 -9.643609555763334 -9.245993903850394 -8.848647001498604 -8.451616185005483 -8.05496045336218 -7.658754258854514 -7.263092866921392 -6.868100094653798 -6.473939750240358 -6.080833004769876 -5.6890856048552365 -5.299132075562863 -4.911610680547578 -4.527497343122658 -4.148360919791092 -3.7768921627216203 -3.418131570170448 -3.082842712474619 -2.8000000000000003 -1.7976931348623157E308 -1.7976931348623157E308 -1.2000000000000002 -0.8 -0.4 -0.0 -0.0 -0.4 -0.8 -1.2000000000000002 -1.6 -2.0 -2.4000000000000004 -2.8000000000000003 -3.2 -3.6 
-6.6941794205542156 -6.5230989674245095 -6.371230769515914 -6.24049393191633 -6.133073364787243 -6.051616185005458 -6.0 -6.0 -6.051616185005458 -6.133073364787243 -6.24049393191633 -1.7976931348623157E308 -1.7976931348623157E308 -8.8 -8.848647001498604 -8.925601146660593 -9.027339309565702 -9.151479615074004 -9.296056696354283 -9.459336512349614 -9.639750389021962 -9.835866105540426 -10.046372369255346 -10.270068460513224 -10.50585592224725 -10.75273108352383 -11.009777976599855 -11.276161521908246 -11.551120977698353 -11.833963690172972 -12.086315597199059 -11.689856813087843 -11.293693419562118 -10.897863283646993 -10.502410934719336 -10.107389078129444 -9.712860536443069 -9.318900764797702 -8.925601146660593 -8.533073364787278 -8.141455275493641 -7.750918918998558 -7.361681619372049 -6.9740216422139385 -6.5883007252772785 -6.2049972327434695 -5.82475619801456 -5.448467093532655 -5.07738886403388 -4.713359203319281 -4.359162409256643 -4.019217219499371 -3.700974282645067 -3.418131570170448 -3.2 -1.7976931348623157E308 -1.7976931348623157E308 -1.3768921627216202 -1.0181315701704488 -0.682842712474619 -0.4 -0.4 -0.682842712474619 -1.0181315701704488 -1.3768921627216202 -1.7483609197910952 -2.1274973431226702 -2.511610680547581 -2.8991320755628722 -3.2890856048552433 -3.680833004769869 
-6.332611337675015 -6.153050253788048 -5.993199184467181 -5.855187791610122 -5.741455275493614 -5.6549604533621505 -5.6000000000000005 -5.6000000000000005 -5.6549604533621505 -5.741455275493614 -5.855187791610122 -1.7976931348623157E308 -1.7976931348623157E308 -8.4 -8.451616185005483 -8.533073364787278 -8.640493931916307 -8.771230769515878 -8.923098967424524 -9.094179420554196 -9.28274782165849 -9.487242202552642 -9.706244286120778 -9.938466200635624 -10.182739421757098 -10.438004766313794 -10.703303026954803 -10.977766135233301 -11.26060884770792 -11.551120977698353 -11.848660192531938 -11.763725156002007 -11.37060498618731 -10.978068859290406 -10.586192519566149 -10.195065115718554 -9.804792246519739 -9.415499861952139 -9.027339309565702 -8.640493931916307 -8.255187791610096 -7.871697355252417 -7.490367354680664 -7.111632643401055 -6.736048814739232 -6.364335885100837 -5.997441903322818 -5.636637735965813 -5.283662086201847 -4.940950315443303 -4.612009157054529 -4.30205993197399 -4.019217219499371 -3.7768921627216203 -3.6 -1.7976931348623157E308 -1.7976931348623157E308 -1.6192172194993775 -1.3009742826450679 -1.0181315701704488 -0.8 -0.8 -1.0181315701704488 -1.3009742826450679 -1.6192172194993775 -1.959162409256647 -2.313359203319289 -2.677388864033881 -3.0484670935326763 -3.4247561980145806 -3.8049972327434904 
-5.975179082340732 -5.786379235521041 -5.617762298370909 -5.471697355252441 -5.350918918998552 -5.25875425885452 -5.2 -5.2 -5.25875425885452 -5.350918918998552 -5.471697355252441 -1.7976931348623157E308 -1.7976931348623157E308 -8.0 -8.05496045336218 -8.141455275493641 -8.255187791610096 -8.393199184467184 -8.553050253788077 -8.73261133767503 -8.929984504255824 -9.14346604255496 -9.37152337641717 -9.61277772614036 -9.86598937291264 -10.130044372970188 -10.403942319946001 -10.68678503242062 -10.977766135233301 -11.276161521908246 -11.581320678736791 -11.854892731408322 -11.465420687232502 -11.07682065785091 -10.689202182696476 -10.302693438549914 -9.917445279405047 -9.533636350142372 -9.151479615074004 -8.771230769515878 -8.393199184467184 -8.017762298370924 -7.64538475824288 -7.2766441928139445 -6.9122663826219215 -6.553173958906895 -6.200554926690522 -5.855960818008402 -5.521450151985114 -5.199803084889744 -4.894851869529148 -4.612009157054529 -4.359162409256643 -4.148360919791092 -4.0 -1.7976931348623157E308 -1.7976931348623157E308 -1.9020599319739966 -1.6192172194993775 -1.3768921627216202 -1.2000000000000002 -1.2000000000000002 -1.3768921627216202 -1.6192172194993775 -1.9020599319739966 -2.2120091570545397 -2.5409503154433124 -2.8836620862018414 -3.236637735965812 -3.5974419033228315 -3.9643358851008585 
-5.622539581092133 -5.423655747852957 -5.245384758242881 -5.090367354680684 -4.961681619372048 -4.863092866921405 -4.800000000000001 -4.800000000000001 -4.863092866921405 -4.961681619372048 -5.090367354680684 -1.7976931348623157E308 -1.7976931348623157E308 -7.6000000000000005 -7.658754258854514 -7.750918918998558 -7.871697355252417 -8.017762298370924 -8.18637923552106 -8.375179082340734 -8.582070961671041 -8.805197461682516 -9.04290528124945 -9.293722341074275 -9.556338178923568 -9.829586460868331 -10.11242917334295 -10.403942319946001 -10.703303026954803 -11.009777976599855 -11.322713082166876 -11.641524311074193 -11.577009607669503 -11.192889948141831 -10.810100293303298 -10.428808217786731 -10.049209663445357 -9.671535005706074 -9.296056696354283 -8.923098967424524 -8.553050253788077 -8.18637923552106 -7.823655747852925 -7.465578306140336 -7.113010722801258 -6.767031373871361 -6.429000301239433 -6.10065184175285 -5.784224436335901 -5.482645797364363 -5.199803084889744 -4.940950315443303 -4.713359203319281 -4.527497343122658 -4.4 -1.7976931348623157E308 -1.7976931348623157E308 -2.2120091570545397 -1.959162409256647 -1.7483609197910952 -1.6 -1.6 -1.7483609197910952 -1.959162409256647 -2.2120091570545397 -2.4948518695291586 -2.7998030848897577 -3.12145015198512 -3.4559608180084007 -3.8005549266905376 -4.1531739589069145 
-5.275487393552407 -5.065578306140361 -4.876644192813967 -4.711632643401054 -4.574021642213945 -4.468100094653824 -4.4 -4.4 -4.468100094653824 -4.574021642213945 -4.711632643401054 -1.7976931348623157E308 -1.7976931348623157E308 -7.2 -7.263092866921392 -7.361681619372049 -7.490367354680664 -7.64538475824288 -7.823655747852925 -8.022539581092117 -8.239732313155901 -8.47321167133506 -8.721198905004366 -8.982128370495907 -9.25462155407385 -9.537464266548469 -9.829586460868331 -10.130044372970188 -10.438004766313794 -10.75273108352383 -11.073571315889536 -11.399947407536912 -11.704368651294445 -11.325185748189698 -10.947696912209462 -10.572107814303825 -10.198657381665129 -9.827624526625414 -9.459336512349614 -9.094179420554196 -8.73261133767503 -8.375179082340734 -8.022539581092117 -7.675487393552405 -7.334990440523717 -7.002236770491551 -6.678696322632648 -6.366203287669609 -6.06706714881052 -5.784224436335901 -5.521450151985114 -5.283662086201847 -5.07738886403388 -4.911610680547578 -4.800000000000001 -1.7976931348623157E308 -1.7976931348623157E308 -2.5409503154433124 -2.313359203319289 -2.1274973431226702 -2.0 -2.0 -2.1274973431226702 -2.313359203319289 -2.5409503154433124 -2.7998030848897577 -3.0826457973643766 -3.3842244363359173 -3.700651841752845 -4.029000301239429 -4.367031373871385 
-4.9349904405236975 -4.713010722801271 -4.512266382621914 -4.3360488147392235 -4.1883007252772755 -4.07393975024035 -4.0 -4.0 -4.07393975024035 -4.1883007252772755 -4.3360488147392235 -1.7976931348623157E308 -1.7976931348623157E308 -6.800000000000001 -6.868100094653798 -6.9740216422139385 -7.111632643401055 -7.2766441928139445 -7.465578306140336 -7.675487393552405 -7.903834535344439 -8.148423449097418 -8.407348093412255 -8.678952160943995 -8.961794873418613 -9.25462155407385 -9.556338178923568 -9.86598937291264 -10.182739421757098 -10.50585592224725 -10.834695730499245 -11.168692900984068 -11.50734834192654 -11.472702278943053 -11.100897393076142 -10.731398255509859 -10.36448333984085 -10.000475439383848 -9.639750389021962 -9.28274782165849 -8.929984504255824 -8.582070961671041 -8.239732313155901 -7.903834535344439 -7.5754177531371285 -7.255738683835573 -6.946325077265126 -6.649046000144228 -6.366203287669609 -6.10065184175285 -5.855960818008402 -5.636637735965813 -5.448467093532655 -5.299132075562863 -5.2 -1.7976931348623157E308 -1.7976931348623157E308 -2.8836620862018414 -2.677388864033881 -2.511610680547581 -2.4000000000000004 -2.4000000000000004 -2.511610680547581 -2.677388864033881 -2.8836620862018414 -3.12145015198512 -3.3842244363359173 -3.6670671488105366 -3.9662032876696096 -4.278696322632634 -4.602236770491549 
-4.602236770491549 -4.367031373871385 -4.1531739589069145 -3.9643358851008585 -3.8049972327434904 -3.680833004769869 -3.6 -3.6 -3.680833004769869 -3.8049972327434904 -3.9643358851008585 -1.7976931348623157E308 -1.7976931348623157E308 -6.4 -6.473939750240358 -6.5883007252772785 -6.736048814739232 -6.9122663826219215 -7.113010722801258 -7.334990440523717 -7.5754177531371285 -7.831917109083342 -8.102457902414848 -8.385300614889466 -8.678952160943995 -8.982128370495907 -9.293722341074275 -9.61277772614036 -9.938466200635624 -10.270068460513224 -10.606958205025782 -10.948588629993894 -11.294481030391772 -11.634497427426385 -11.268680082393075 -10.905569948734467 -10.54548076356043 -10.18877369521601 -9.835866105540426 -9.487242202552642 -9.14346604255496 -8.805197461682516 -8.47321167133506 -8.148423449097418 -7.831917109083342 -7.524983760619569 -7.229167789739744 -6.946325077265126 -6.678696322632648 -6.429000301239433 -6.200554926690522 -5.997441903322818 -5.82475619801456 -5.6890856048552365 -5.6000000000000005 -1.7976931348623157E308 -1.7976931348623157E308 -3.236637735965812 -3.0484670935326763 -2.8991320755628722 -2.8000000000000003 -2.8000000000000003 -2.8991320755628722 -3.0484670935326763 -3.236637735965812 -3.4559608180084007 -3.700651841752845 -3.9662032876696096 -4.2490460001442285 -4.546325077265127 -4.855738683835572 
-4.278696322632634 -4.029000301239429 -3.8005549266905376 -3.5974419033228315 -3.4247561980145806 -3.2890856048552433 -3.2 -3.2 -3.2890856048552433 -3.4247561980145806 -3.5974419033228315 -1.7976931348623157E308 -1.7976931348623157E308 -6.0 -6.080833004769876 -6.2049972327434695 -6.364335885100837 -6.553173958906895 -6.767031373871361 -7.002236770491551 -7.255738683835573 -7.524983760619569 -7.807826473094187 -8.102457902414848 -8.407348093412255 -8.721198905004366 -9.04290528124945 -9.37152337641717 -9.706244286120778 -10.046372369255346 -10.3913073296687 -10.74052937704874 -11.093586910649513 -11.45008627174812 -11.45008627174812 -11.093586910649513 -10.74052937704874 -10.3913073296687 -10.046372369255346 -9.706244286120778 -9.37152337641717 -9.04290528124945 -8.721198905004366 -8.407348093412255 -8.102457902414848 -7.807826473094187 -7.524983760619569 -7.255738683835573 -7.002236770491551 -6.767031373871361 -6.553173958906895 -6.364335885100837 -6.2049972327434695 -6.080833004769876 -6.0 -1.7976931348623157E308 -1.7976931348623157E308 -3.5974419033228315 -3.4247561980145806 -3.2890856048552433 -3.2 -3.2 -3.2890856048552433 -3.4247561980145806 -3.5974419033228315 -3.8005549266905376 -4.029000301239429 -4.278696322632634 -4.546325077265127 -4.8291677897397465 -5.124983760619578 
-3.9662032876696096 -3.700651841752845 -3.4559608180084007 -3.236637735965812 -3.0484670935326763 -2.8991320755628722 -2.8000000000000003 -2.8000000000000003 -2.8991320755628722 -3.0484670935326763 -3.236637735965812 -1.7976931348623157E308 -1.7976931348623157E308 -5.6000000000000005 -5.6890856048552365 -5.82475619801456 -5.997441903322818 -6.200554926690522 -6.429000301239433 -6.678696322632648 -6.946325077265126 -7.229167789739744 -7.524983760619569 -7.831917109083342 -8.148423449097418 -8.47321167133506 -8.805197461682516 -9.14346604255496 -9.487242202552642 -9.835866105540426 -10.18877369521601 -10.54548076356043 -10.905569948734467 -11.268680082393075 -11.634497427426385 -11.294481030391772 -10.948588629993894 -10.606958205025782 -10.270068460513224 -9.938466200635624 -9.61277772614036 -9.293722341074275 -8.982128370495907 -8.678952160943995 -8.385300614889466 -8.102457902414848 -7.831917109083342 -7.5754177531371285 -7.334990440523717 -7.113010722801258 -6.9122663826219215 -6.736048814739232 -6.5883007252772785 -6.473939750240358 -6.4 -1.7976931348623157E308 -1.7976931348623157E308 -3.9643358851008585 -3.8049972327434904 -3.680833004769869 -3.6 -3.6 -3.680833004769869 -3.8049972327434904 -3.9643358851008585 -4.1531739589069145 -4.367031373871385 -4.602236770491549 -4.855738683835572 -5.124983760619578 -5.407826473094197 
-3.6670671488105366 -3.3842244363359173 -3.12145015198512 -2.8836620862018414 -2.677388864033881 -2.511610680547581 -2.4000000000000004 -2.4000000000000004 -2.511610680547581 -2.677388864033881 -2.8836620862018414 -1.7976931348623157E308 -1.7976931348623157E308 -5.2 -5.299132075562863 -5.448467093532655 -5.636637735965813 -5.855960818008402 -6.10065184175285 -6.366203287669609 -6.649046000144228 -6.946325077265126 -7.255738683835573 -7.5754177531371285 -7.903834535344439 -8.239732313155901 -8.582070961671041 -8.929984504255824 -9.28274782165849 -9.639750389021962 -10.000475439383848 -10.36448333984085 -10.731398255509859 -11.100897393076142 -11.472702278943053 -11.50734834192654 -11.168692900984068 -10.834695730499245 -10.50585592224725 -10.182739421757098 -9.86598937291264 -9.556338178923568 -9.25462155407385 -8.961794873418613 -8.678952160943995 -8.407348093412255 -8.148423449097418 -7.903834535344439 -7.675487393552405 -7.465578306140336 -7.2766441928139445 -7.111632643401055 -6.9740216422139385 -6.868100094653798 -6.800000000000001 -1.7976931348623157E308 -1.7976931348623157E308 -4.3360488147392235 -4.1883007252772755 -4.07393975024035 -4.0 -4.0 -4.07393975024035 -4.1883007252772755 -4.3360488147392235 -4.512266382621914 -4.713010722801271 -4.9349904405236975 -5.1754177531371015 -5.431917109083333 -5.702457902414873 
-3.3842244363359173 -3.0826457973643766 -2.7998030848897577 -2.5409503154433124 -2.313359203319289 -2.1274973431226702 -2.0 -2.0 -2.1274973431226702 -2.313359203319289 -2.5409503154433124 -1.7976931348623157E308 -1.7976931348623157E308 -4.800000000000001 -4.911610680547578 -5.07738886403388 -5.283662086201847 -5.521450151985114 -5.784224436335901 -6.06706714881052 -6.366203287669609 -6.678696322632648 -7.002236770491551 -7.334990440523717 -7.675487393552405 -8.022539581092117 -8.375179082340734 -8.73261133767503 -9.094179420554196 -9.459336512349614 -9.827624526625414 -10.198657381665129 -10.572107814303825 -10.947696912209462 -11.325185748189698 -11.704368651294445 -11.399947407536912 -11.073571315889536 -10.75273108352383 -10.438004766313794 -10.130044372970188 -9.829586460868331 -9.537464266548469 -9.25462155407385 -8.982128370495907 -8.721198905004366 -8.47321167133506 -8.239732313155901 -8.022539581092117 -7.823655747852925 -7.64538475824288 -7.490367354680664 -7.361681619372049 -7.263092866921392 -7.2 -1.7976931348623157E308 -1.7976931348623157E308 -4.711632643401054 -4.574021642213945 -4.468100094653824 -4.4 -4.4 -4.468100094653824 -4.574021642213945 -4.711632643401054 -4.876644192813967 -5.065578306140361 -5.275487393552407 -5.503834535344418 -5.748423449097436 -6.0073480934122685 
-3.12145015198512 -2.7998030848897577 -2.4948518695291586 -2.2120091570545397 -1.959162409256647 -1.7483609197910952 -1.6 -1.6 -1.7483609197910952 -1.959162409256647 -2.2120091570545397 -1.7976931348623157E308 -1.7976931348623157E308 -4.4 -4.527497343122658 -4.713359203319281 -4.940950315443303 -5.199803084889744 -5.482645797364363 -5.784224436335901 -6.10065184175285 -6.429000301239433 -6.767031373871361 -7.113010722801258 -7.465578306140336 -7.823655747852925 -8.18637923552106 -8.553050253788077 -8.923098967424524 -9.296056696354283 -9.671535005706074 -10.049209663445357 -10.428808217786731 -10.810100293303298 -11.192889948141831 -11.577009607669503 -11.641524311074193 -11.322713082166876 -11.009777976599855 -10.703303026954803 -10.403942319946001 -10.11242917334295 -9.829586460868331 -9.556338178923568 -9.293722341074275 -9.04290528124945 -8.805197461682516 -8.582070961671041 -8.375179082340734 -8.18637923552106 -8.017762298370924 -7.871697355252417 -7.750918918998558 -7.658754258854514 -7.6000000000000005 -1.7976931348623157E308 -1.7976931348623157E308 -5.090367354680684 -4.961681619372048 -4.863092866921405 -4.800000000000001 -4.800000000000001 -4.863092866921405 -4.961681619372048 -5.090367354680684 -5.245384758242881 -5.423655747852957 -5.622539581092133 -5.839732313155899 -6.0732116713350255 -6.321198905004365 
-2.8836620862018414 -2.5409503154433124 -2.2120091570545397 -1.9020599319739966 -1.6192172194993775 -1.3768921627216202 -1.2000000000000002 -1.2000000000000002 -1.3768921627216202 -1.6192172194993775 -1.9020599319739966 -1.7976931348623157E308 -1.7976931348623157E308 -4.0 -4.148360919791092 -4.359162409256643 -4.612009157054529 -4.894851869529148 -5.199803084889744 -5.521450151985114 -5.855960818008402 -6.200554926690522 -6.553173958906895 -6.9122663826219215 -7.2766441928139445 -7.64538475824288 -8.017762298370924 -8.393199184467184 -8.771230769515878 -9.151479615074004 -9.533636350142372 -9.917445279405047 -10.302693438549914 -10.689202182696476 -11.07682065785091 -11.465420687232502 -11.854892731408322 -11.581320678736791 -11.276161521908246 -10.977766135233301 -10.68678503242062 -10.403942319946001 -10.130044372970188 -9.86598937291264 -9.61277772614036 -9.37152337641717 -9.14346604255496 -8.929984504255824 -8.73261133767503 -8.553050253788077 -8.393199184467184 -8.255187791610096 -8.141455275493641 -8.05496045336218 -8.0 -1.7976931348623157E308 -1.7976931348623157E308 -5.471697355252441 -5.350918918998552 -5.25875425885452 -5.2 -5.2 -5.25875425885452 -5.350918918998552 -5.471697355252441 -5.617762298370909 -5.786379235521041 -5.975179082340732 -6.182070961671048 -6.405197461682494 -6.64290528124943 
-2.677388864033881 -2.313359203319289 -1.959162409256647 -1.6192172194993775 -1.3009742826450679 -1.0181315701704488 -0.8 -0.8 -1.0181315701704488 -1.3009742826450679 -1.6192172194993775 -1.7976931348623157E308 -1.7976931348623157E308 -3.6 -3.7768921627216203 -4.019217219499371 -4.30205993197399 -4.612009157054529 -4.940950315443303 -5.283662086201847 -5.636637735965813 -5.997441903322818 -6.364335885100837 -6.736048814739232 -7.111632643401055 -7.490367354680664 -7.871697355252417 -8.255187791610096 -8.640493931916307 -9.027339309565702 -9.415499861952139 -9.804792246519739 -10.195065115718554 -10.586192519566149 -10.978068859290406 -11.37060498618731 -11.763725156002007 -11.848660192531938 -11.551120977698353 -11.26060884770792 -10.977766135233301 -10.703303026954803 -10.438004766313794 -10.182739421757098 -9.938466200635624 -9.706244286120778 -9.487242202552642 -9.28274782165849 -9.094179420554196 -8.923098967424524 -8.771230769515878 -8.640493931916307 -8.533073364787278 -8.451616185005483 -8.4 -1.7976931348623157E308 -1.7976931348623157E308 -5.855187791610122 -5.741455275493614 -5.6549604533621505 -5.6000000000000005 -5.6000000000000005 -5.6549604533621505 -5.741455275493614 -5.855187791610122 -5.993199184467181 -6.153050253788048 -6.332611337675015 -6.529984504255802 -6.743466042554904 -6.971523376417114 
-2.511610680547581 -2.1274973431226702 -1.7483609197910952 -1.3768921627216202 -1.0181315701704488 -0.682842712474619 -0.4 -0.4 -0.682842712474619 -1.0181315701704488 -1.3768921627216202 -1.7976931348623157E308 -1.7976931348623157E308 -3.2 -3.418131570170448 -3.700974282645067 -4.019217219499371 -4.359162409256643 -4.713359203319281 -5.07738886403388 -5.448467093532655 -5.82475619801456 -6.2049972327434695 -6.5883007252772785 -6.9740216422139385 -7.361681619372049 -7.750918918998558 -8.141455275493641 -8.533073364787278 -8.925601146660593 -9.318900764797702 -9.712860536443069 -10.107389078129444 -10.502410934719336 -10.897863283646993 -11.293693419562118 -11.689856813087843 -12.086315597199059 -11.833963690172972 -11.551120977698353 -11.276161521908246 -11.009777976599855 -10.75273108352383 -10.50585592224725 -10.270068460513224 -10.046372369255346 -9.835866105540426 -9.639750389021962 -9.459336512349614 -9.296056696354283 -9.151479615074004 -9.027339309565702 -8.925601146660593 -8.848647001498604 -8.8 -1.7976931348623157E308 -1.7976931348623157E308 -6.24049393191633 -6.133073364787243 -6.051616185005458 -6.0 -6.0 -6.051616185005458 -6.133073364787243 -6.24049393191633 -6.371230769515914 -6.5230989674245095 -6.6941794205542156 -6.882747821658523 -7.087242202552597 -7.306244286120712 
-2.4000000000000004 -2.0 -1.6 -1.2000000000000002 -0.8 -0.4 -0.0 -0.0 -0.4 -0.8 -1.2000000000000002 -1.7976931348623157E308 -1.7976931348623157E308 -2.8000000000000003 -3.082842712474619 -3.418131570170448 -3.7768921627216203 -4.148360919791092 -4.527497343122658 -4.911610680547578 -5.299132075562863 -5.6890856048552365 -6.080833004769876 -6.473939750240358 -6.868100094653798 -7.263092866921392 -7.658754258854514 -8.05496045336218 -8.451616185005483 -8.848647001498604 -9.245993903850394 -9.643609555763334 -10.041455552554112 -10.439500420365494 -10.837718128168031 -11.236086965918604 -11.634588688185467 -12.033207852932495 -12.124059183964338 -11.848660192531938 -11.581320678736791 -11.322713082166876 -11.073571315889536 -10.834695730499245 -10.606958205025782 -10.3913073296687 -10.18877369521601 -10.000475439383848 -9.827624526625414 -9.671535005706074 -9.533636350142372 -9.415499861952139 -9.318900764797702 -9.245993903850394 -9.200000000000001 -1.7976931348623157E308 -1.7976931348623157E308 -6.6273393095657 -6.525601146660569 -6.44864700149857 -6.4 -6.4 -6.44864700149857 -6.525601146660569 -6.6273393095657 -6.751479615074058 -6.8960566963543215 -7.059336512349677 -7.23975038902196 -7.4358661055404 -7.646372369255284 
-2.4000000000000004 -2.0 -1.6 -1.2000000000000002 -0.8 -0.4 -0.0 -0.0 -0.4 -0.8 -1.2000000000000002 -1.6 -2.0 -2.4000000000000004 -2.8000000000000003 -3.2 -3.6 -4.0 -4.4 -4.800000000000001 -5.2 -5.6000000000000005 -6.0 -6.4 -6.800000000000001 -7.2 -7.6000000000000005 -8.0 -8.4 -8.8 -9.200000000000001 -9.600000000000001 -10.0 -10.4 -10.8 -11.200000000000001 -11.600000000000001 -12.0 -12.4 -12.152645383338957 -11.892658837975459 -11.641524311074193 -11.399947407536912 -11.168692900984068 -10.948588629993894 -10.74052937704874 -10.54548076356043 -10.36448333984085 -10.198657381665129 -10.049209663445357 -9.917445279405047 -9.804792246519739 -9.712860536443069 -9.643609555763334 -9.600000000000001 -1.7976931348623157E308 -1.7976931348623157E308 -7.015499861952133 -6.918900764797691 -6.845993903850396 -6.800000000000001 -6.800000000000001 -6.845993903850396 -6.918900764797691 -7.015499861952133 -7.133636350142358 -7.271535005706159 -7.427624526625451 -7.600475439383866 -7.788773695215958 -7.991307329668661 
-2.4000000000000004 -2.0 -1.6 -1.2000000000000002 -0.8 -0.4 -0.0 -0.0 -0.4 -0.8 -1.2000000000000002 -1.6 -2.0 -2.4000000000000004 -2.8000000000000003 -3.2 -3.6 -4.0 -4.4 -4.800000000000001 -5.2 -5.6000000000000005 -6.0 -6.4 -6.800000000000001 -7.2 -7.6000000000000005 -8.0 -8.4 -8.8 -9.200000000000001 -9.600000000000001 -10.0 -10.4 -10.8 -11.200000000000001 -11.600000000000001 -12.0 -12.4 -12.462550600504875 -12.209649915702789 -11.965689556953109 -11.731346019887736 -11.50734834192654 -11.294481030391772 -11.093586910649513 -10.905569948734467 -10.731398255509859 -10.572107814303825 -10.428808217786731 -10.302693438549914 -10.195065115718554 -10.107389078129444 -10.041455552554112 -10.0 -1.7976931348623157E308 -1.7976931348623157E308 -7.404792246519759 -7.3128605364430745 -7.2436095557633156 -7.2 -7.2 -7.2436095557633156 -7.3128605364430745 -7.404792246519759 -7.5174452794050515 -7.649209663445437 -7.79865738166517 -7.964483339840844 -8.145480763560384 -8.340529377048695 
-2.4000000000000004 -2.0 -1.6 -1.2000000000000002 -0.8 -0.4 -0.0 -0.0 -0.4 -0.8 -1.2000000000000002 -1.7976931348623157E308 -1.7976931348623157E308 -2.8000000000000003 -3.082842712474619 -3.418131570170448 -3.7768921627216203 -4.148360919791092 -4.527497343122658 -4.911610680547578 -5.299132075562863 -5.6890856048552365 -6.080833004769876 -6.473939750240358 -6.868100094653798 -7.263092866921392 -7.658754258854514 -8.05496045336218 -8.451616185005483 -8.848647001498604 -9.245993903850394 -9.643609555763334 -10.041455552554112 -10.439500420365494 -10.837718128168031 -11.236086965918604 -11.634588688185467 -12.033207852932495 -12.431931305618123 -12.777899536129262 -12.531820181447443 -12.294741460618214 -12.067310493741807 -11.850220944688969 -11.644215172257972 -11.45008627174812 -11.268680082393075 -11.100897393076142 -10.947696912209462 -10.810100293303298 -10.689202182696476 -10.586192519566149 -10.502410934719336 -10.439500420365494 -10.4 -1.7976931348623157E308 -1.7976931348623157E308 -7.795065115718568 -7.707389078129452 -7.641455552554122 -7.6000000000000005 -7.6000000000000005 -7.641455552554122 -7.707389078129452 -7.795065115718568 -7.902693438549924 -8.02880821778681 -8.172107814303903 -8.331398255509894 -8.50556994873441 -8.693586910649428 
