<?xml version="1.0" encoding="UTF-8" standalone="yes"?>
<output>
    <distanceMap>-39.92492955535426 -39.56008088970496 -39.21734310225516 -38.897300677553446 -38.600518131237564 -38.3275357934736 -38.07886552931954 -37.8549864614954 -37.656340767525464 -37.48332962798263 -37.33630940518894 -37.21558813185679 -37.12142238654117 -37.05401462729781 -37.013511046643494 -37.0 -37.0 -37.013511046643494 -37.05401462729781 -37.12142238654117 -37.21558813185679 -37.33630940518894 -37.48332962798263 -37.656340767525464 -37.8549864614954 -38.07886552931954 -38.3275357934736 -38.600518131237564 -38.897300677553446 -39.21734310225516 -39.56008088970496 -39.92492955535426 -40.311288741492746 -40.24922359499622 -39.35733730830886 -38.47076812334269 -37.589892258425 -36.71511950137164 -35.84689665786984 -34.9857113690718 -34.132096331752024 -33.28663395418648 -32.449961479175904 -31.622776601683793 -30.805843601498726 -30.0 -29.206163733020468 -28.42534080710379 -27.65863337187866 -26.90724809414742 -26.1725046566048 -25.45584412271571 -24.758836806279895 -24.08318915758459 -23.430749027719962 -22.80350850198276 -22.20360331117452 -21.633307652783937 -21.095023109728988 -20.591260281974 -20.12461179749811 -19.697715603592208 -19.313207915827967 -18.973665961010276 -18.681541692269406 -18.439088914585774 -18.24828759089466 -18.110770276274835 -18.027756377319946 -18.0 -18.0 -18.027756377319946 -18.110770276274835 -18.24828759089466 -18.439088914585774 -18.681541692269406 -18.973665961010276 -19.313207915827967 -19.697715603592208 -20.12461179749811 -20.591260281974 -21.095023109728988 -21.633307652783937 -22.20360331117452 -22.80350850198276 -23.430749027719962 -24.08318915758459 -24.758836806279895 -25.45584412271571 -26.1725046566048 -26.90724809414742 -27.65863337187866 -28.42534080710379 -29.206163733020468 -30.0 -30.805843601498726 -31.622776601683793 -32.449961479175904 -33.28663395418648 -34.132096331752024 -34.9857113690718 -35.84689665786984 -36.71511950137164 -37.589892258425 -38.47076812334269 -39.35733730830886 -40.24922359499622 -41.14608122288197 -42.04759208325728 -42.95346318982906 
-39.0 -38.62641583165593 -38.27531841800928 -37.94733192202055 -37.64306044943742 -37.36308338453881 -37.107950630558946 -36.87817782917155 -36.6742416417845 -36.49657518178932 -36.345563690772494 -36.22154055254967 -36.124783736376884 -36.05551275463989 -36.013886210738214 -36.0 -36.0 -36.013886210738214 -36.05551275463989 -36.124783736376884 -36.22154055254967 -36.345563690772494 -36.49657518178932 -36.6742416417845 -36.87817782917155 -37.107950630558946 -37.36308338453881 -37.64306044943742 -37.94733192202055 -38.27531841800928 -38.62641583165593 -39.0 -39.395431207184416 -39.81205847478876 -38.91015291668744 -38.01315561749642 -37.12142238654117 -36.235341863986875 -35.35533905932738 -34.48187929913333 -33.61547262794322 -32.7566787083184 -31.906112267087632 -31.064449134018133 -30.23243291566195 -29.410882339705484 -28.600699292150182 -27.80287754891569 -27.018512172212592 -26.248809496813376 -25.495097567963924 -24.758836806279895 -24.041630560342615 -23.345235059857504 -22.67156809750927 -22.02271554554524 -21.400934559032695 -20.808652046684813 -20.248456731316587 -19.72308292331602 -19.235384061671343 -18.788294228055936 -18.384776310850235 -18.027756377319946 -17.72004514666935 -17.46424919657298 -17.26267650163207 -17.11724276862369 -17.029386365926403 -17.0 -17.0 -17.029386365926403 -17.11724276862369 -17.26267650163207 -17.46424919657298 -17.72004514666935 -18.027756377319946 -18.384776310850235 -18.788294228055936 -19.235384061671343 -19.72308292331602 -20.248456731316587 -20.808652046684813 -21.400934559032695 -22.02271554554524 -22.67156809750927 -23.345235059857504 -24.041630560342615 -24.758836806279895 -25.495097567963924 -26.248809496813376 -27.018512172212592 -27.80287754891569 -28.600699292150182 -29.410882339705484 -30.23243291566195 -31.064449134018133 -31.906112267087632 -32.7566787083184 -33.61547262794322 -34.48187929913333 -35.35533905932738 -36.235341863986875 -37.12142238654117 -38.01315561749642 -38.91015291668744 -39.81205847478876 -40.718546143004666 -41.6293165929973 -42.5440947723653 
-38.07886552931954 -37.69615364994153 -37.33630940518894 -37.0 -36.68787265568828 -36.40054944640259 -36.138621999185304 -35.90264614203248 -35.6931365951495 -35.510561809129406 -35.35533905932738 -35.22782990761707 -35.12833614050059 -35.05709628591621 -35.014282800023196 -35.0 -35.0 -35.014282800023196 -35.05709628591621 -35.12833614050059 -35.22782990761707 -35.35533905932738 -35.510561809129406 -35.6931365951495 -35.90264614203248 -36.138621999185304 -36.40054944640259 -36.68787265568828 -37.0 -37.33630940518894 -37.69615364994153 -38.07886552931954 -38.48376280978771 -38.91015291668744 -38.48376280978771 -37.57658845611187 -36.6742416417845 -35.77708763999664 -34.88552708502482 -34.0 -33.12099032335839 -32.2490309931942 -31.38470965295043 -30.528675044947494 -29.68164415931166 -28.844410203711913 -28.0178514522438 -27.202941017470888 -26.40075756488817 -25.612496949731394 -24.839484696748443 -24.08318915758459 -23.345235059857504 -22.627416997969522 -21.93171219946131 -21.2602916254693 -20.615528128088304 -20.0 -19.4164878389476 -18.867962264113206 -18.35755975068582 -17.88854381999832 -17.46424919657298 -17.08800749063506 -16.76305461424021 -16.492422502470642 -16.278820596099706 -16.1245154965971 -16.0312195418814 -16.0 -16.0 -16.0312195418814 -16.1245154965971 -16.278820596099706 -16.492422502470642 -16.76305461424021 -17.08800749063506 -17.46424919657298 -17.88854381999832 -18.35755975068582 -18.867962264113206 -19.4164878389476 -20.0 -20.615528128088304 -21.2602916254693 -21.93171219946131 -22.627416997969522 -23.345235059857504 -24.08318915758459 -24.839484696748443 -25.612496949731394 -26.40075756488817 -27.202941017470888 -28.0178514522438 -28.844410203711913 -29.68164415931166 -30.528675044947494 -31.38470965295043 -32.2490309931942 -33.12099032335839 -34.0 -34.88552708502482 -35.77708763999664 -36.6742416417845 -37.57658845611187 -38.48376280978771 -39.395431207184416 -40.311288741492746 -41.23105625617661 -42.15447781671598 
-37.16180835212409 -36.76955262170047 -36.40054944640259 -36.05551275463989 -35.73513677041127 -35.4400902933387 -35.17101079013795 -34.92849839314596 -34.713109915419565 -34.52535300326414 -34.36568055487916 -34.23448553724738 -34.132096331752024 -34.058772731852805 -34.0147027033899 -34.0 -34.0 -34.0147027033899 -34.058772731852805 -34.132096331752024 -34.23448553724738 -34.36568055487916 -34.52535300326414 -34.713109915419565 -34.92849839314596 -35.17101079013795 -35.4400902933387 -35.73513677041127 -36.05551275463989 -36.40054944640259 -36.76955262170047 -37.16180835212409 -37.57658845611187 -38.01315561749642 -38.07886552931954 -37.16180835212409 -36.24913792078372 -35.34119409414458 -34.438350715445125 -33.54101966249684 -32.64965543462902 -31.76476034853718 -30.886890422961002 -30.01666203960727 -29.154759474226502 -28.30194339616981 -27.459060435491963 -26.627053911388696 -25.80697580112788 -25.0 -24.20743687382041 -23.430749027719962 -22.67156809750927 -21.93171219946131 -21.213203435596427 -20.518284528683193 -19.849433241279208 -19.209372712298546 -18.601075237738275 -18.027756377319946 -17.4928556845359 -17.0 -16.55294535724685 -16.15549442140351 -15.811388300841896 -15.524174696260024 -15.297058540778355 -15.132745950421556 -15.033296378372908 -15.0 -15.0 -15.033296378372908 -15.132745950421556 -15.297058540778355 -15.524174696260024 -15.811388300841896 -16.15549442140351 -16.55294535724685 -17.0 -17.4928556845359 -18.027756377319946 -18.601075237738275 -19.209372712298546 -19.849433241279208 -20.518284528683193 -21.213203435596427 -21.93171219946131 -22.67156809750927 -23.430749027719962 -24.20743687382041 -25.0 -25.80697580112788 -26.627053911388696 -27.459060435491963 -28.30194339616981 -29.154759474226502 -30.01666203960727 -30.886890422961002 -31.76476034853718 -32.64965543462902 -33.54101966249684 -34.438350715445125 -35.34119409414458 -36.24913792078372 -37.16180835212409 -38.07886552931954 -39.0 -39.92492955535426 -40.85339643163099 -41.78516483155236 
-36.24913792078372 -35.84689665786984 -35.4682957019364 -35.11409973215888 -34.785054261852174 -34.48187929913333 -34.20526275297414 -33.95585369269929 -33.734255586866 -33.54101966249684 -33.37663853655727 -33.24154027718932 -33.13608305156178 -33.06055050963308 -33.015148038438355 -33.0 -33.0 -33.015148038438355 -33.06055050963308 -33.13608305156178 -33.24154027718932 -33.37663853655727 -33.54101966249684 -33.734255586866 -33.95585369269929 -34.20526275297414 -34.48187929913333 -34.785054261852174 -35.11409973215888 -35.4682957019364 -35.84689665786984 -36.24913792078372 -36.6742416417845 -37.12142238654117 -37.589892258425 -36.76955262170047 -35.84689665786984 -34.92849839314596 -34.0147027033899 -33.1058907144937 -32.202484376209235 -31.304951684997057 -30.4138126514911 -29.5296461204668 -28.653097563788805 -27.784887978899608 -26.92582403567252 -26.076809620810597 -25.238858928247925 -24.413111231467404 -23.600847442411894 -22.80350850198276 -22.02271554554524 -21.2602916254693 -20.518284528683193 -19.79898987322333 -19.1049731745428 -18.439088914585774 -17.804493814764857 -17.204650534085253 -16.64331697709324 -16.1245154965971 -15.652475842498529 -15.231546211727817 -14.866068747318506 -14.560219778561036 -14.317821063276353 -14.142135623730951 -14.035668847618199 -14.0 -14.0 -14.035668847618199 -14.142135623730951 -14.317821063276353 -14.560219778561036 -14.866068747318506 -15.231546211727817 -15.652475842498529 -16.1245154965971 -16.64331697709324 -17.204650534085253 -17.804493814764857 -18.439088914585774 -19.1049731745428 -19.79898987322333 -20.518284528683193 -21.2602916254693 -22.02271554554524 -22.80350850198276 -23.600847442411894 -24.413111231467404 -25.238858928247925 -26.076809620810597 -26.92582403567252 -27.784887978899608 -28.653097563788805 -29.5296461204668 -30.4138126514911 -31.304951684997057 -32.202484376209235 -33.1058907144937 -34.0147027033899 -34.92849839314596 -35.84689665786984 -36.76955262170047 -37.69615364994153 -38.62641583165593 -39.56008088970496 -40.496913462633174 -41.43669871020132 
-35.34119409414458 -34.92849839314596 -34.539832078341085 -34.17601498127012 -33.83784863137726 -33.52610922848042 -33.24154027718932 -32.984845004941285 -32.7566787083184 -32.55764119219941 -32.38826948140329 -32.2490309931942 -32.14031735997639 -32.0624390837628 -32.01562118716424 -32.0 -32.0 -32.01562118716424 -32.0624390837628 -32.14031735997639 -32.2490309931942 -32.38826948140329 -32.55764119219941 -32.7566787083184 -32.984845004941285 -33.24154027718932 -33.52610922848042 -33.83784863137726 -34.17601498127012 -34.539832078341085 -34.92849839314596 -35.34119409414458 -35.77708763999664 -36.235341863986875 -36.71511950137164 -36.40054944640259 -35.4682957019364 -34.539832078341085 -33.61547262794322 -32.69556544854363 -31.78049716414141 -30.870698080866262 -29.966648127543394 -29.068883707497267 -28.178005607210743 -27.294688127912362 -26.419689627245813 -25.553864678361276 -24.698178070456937 -23.853720883753127 -23.021728866442675 -22.20360331117452 -21.400934559032695 -20.615528128088304 -19.849433241279208 -19.1049731745428 -18.384776310850235 -17.69180601295413 -17.029386365926403 -16.401219466856727 -15.811388300841896 -15.264337522473747 -14.7648230602334 -14.317821063276353 -13.92838827718412 -13.601470508735444 -13.341664064126334 -13.152946437965905 -13.038404810405298 -13.0 -13.0 -13.038404810405298 -13.152946437965905 -13.341664064126334 -13.601470508735444 -13.92838827718412 -14.317821063276353 -14.7648230602334 -15.264337522473747 -15.811388300841896 -16.401219466856727 -17.029386365926403 -17.69180601295413 -18.384776310850235 -19.1049731745428 -19.849433241279208 -20.615528128088304 -21.400934559032695 -22.20360331117452 -23.021728866442675 -23.853720883753127 -24.698178070456937 -25.553864678361276 -26.419689627245813 -27.294688127912362 -28.178005607210743 -29.068883707497267 -29.966648127543394 -30.870698080866262 -31.78049716414141 -32.69556544854363 -33.61547262794322 -34.539832078341085 -35.4682957019364 -36.40054944640259 -37.33630940518894 -38.27531841800928 -39.21734310225516 -40.162171256046406 -41.10960958218893 
-34.438350715445125 -34.0147027033899 -33.61547262794322 -33.24154027718932 -32.89376840679705 -32.57299494980466 -32.28002478313795 -32.01562118716424 -31.78049716414141 -31.575306807693888 -31.400636936215164 -31.25699921617557 -31.144823004794873 -31.064449134018133 -31.016124838541646 -31.0 -31.0 -31.016124838541646 -31.064449134018133 -31.144823004794873 -31.25699921617557 -31.400636936215164 -31.575306807693888 -31.78049716414141 -32.01562118716424 -32.28002478313795 -32.57299494980466 -32.89376840679705 -33.24154027718932 -33.61547262794322 -34.0147027033899 -34.438350715445125 -34.88552708502482 -35.35533905932738 -35.84689665786984 -36.05551275463989 -35.11409973215888 -34.17601498127012 -33.24154027718932 -32.31098884280702 -31.38470965295043 -30.463092423455635 -29.546573405388315 -28.635642126552707 -27.730849247724095 -26.832815729997478 -25.942243542145693 -25.059928172283335 -24.186773244895647 -23.323807579381203 -22.47220505424423 -21.633307652783937 -20.808652046684813 -20.0 -19.209372712298546 -18.439088914585774 -17.69180601295413 -16.97056274847714 -16.278820596099706 -15.620499351813308 -15.0 -14.422205101855956 -13.892443989449804 -13.416407864998739 -13.0 -12.649110640673518 -12.36931687685298 -12.165525060596439 -12.041594578792296 -12.0 -12.0 -12.041594578792296 -12.165525060596439 -12.36931687685298 -12.649110640673518 -13.0 -13.416407864998739 -13.892443989449804 -14.422205101855956 -15.0 -15.620499351813308 -16.278820596099706 -16.97056274847714 -17.69180601295413 -18.439088914585774 -19.209372712298546 -20.0 -20.808652046684813 -21.633307652783937 -22.47220505424423 -23.323807579381203 -24.186773244895647 -25.059928172283335 -25.942243542145693 -26.832815729997478 -27.730849247724095 -28.635642126552707 -29.546573405388315 -30.463092423455635 -31.38470965295043 -32.31098884280702 -33.24154027718932 -34.17601498127012 -35.11409973215888 -36.05551275463989 -37.0 -37.94733192202055 -38.897300677553446 -39.84971769034255 -40.80441152620633 
-33.54101966249684 -33.1058907144937 -32.69556544854363 -32.31098884280702 -31.953090617340916 -31.622776601683793 -31.32091952673165 -31.04834939252005 -30.805843601498726 -30.59411708155671 -30.4138126514911 -30.265491900843113 -30.14962686336267 -30.066592756745816 -30.01666203960727 -30.0 -30.0 -30.01666203960727 -30.066592756745816 -30.14962686336267 -30.265491900843113 -30.4138126514911 -30.59411708155671 -30.805843601498726 -31.04834939252005 -31.32091952673165 -31.622776601683793 -31.953090617340916 -32.31098884280702 -32.69556544854363 -33.1058907144937 -33.54101966249684 -34.0 -34.48187929913333 -34.9857113690718 -35.510561809129406 -34.785054261852174 -33.83784863137726 -32.89376840679705 -31.953090617340916 -31.016124838541646 -30.083217912982647 -29.154759474226502 -28.231188426986208 -27.313000567495326 -26.40075756488817 -25.495097567963924 -24.596747752497688 -23.706539182259394 -22.825424421026653 -21.95449840010015 -21.095023109728988 -20.248456731316587 -19.4164878389476 -18.601075237738275 -17.804493814764857 -17.029386365926403 -16.278820596099706 -15.556349186104045 -14.866068747318506 -14.212670403551895 -13.601470508735444 -13.038404810405298 -12.529964086141668 -12.083045973594572 -11.704699910719626 -11.40175425099138 -11.180339887498949 -11.045361017187261 -11.0 -11.0 -11.045361017187261 -11.180339887498949 -11.40175425099138 -11.704699910719626 -12.083045973594572 -12.529964086141668 -13.038404810405298 -13.601470508735444 -14.212670403551895 -14.866068747318506 -15.556349186104045 -16.278820596099706 -17.029386365926403 -17.804493814764857 -18.601075237738275 -19.4164878389476 -20.248456731316587 -21.095023109728988 -21.95449840010015 -22.825424421026653 -23.706539182259394 -24.596747752497688 -25.495097567963924 -26.40075756488817 -27.313000567495326 -28.231188426986208 -29.154759474226502 -30.083217912982647 -31.016124838541646 -31.953090617340916 -32.89376840679705 -33.83784863137726 -34.785054261852174 -35.73513677041127 -36.68787265568828 -37.64306044943742 -38.600518131237564 -39.56008088970496 -40.52159917870962 
-32.64965543462902 -32.202484376209235 -31.78049716414141 -31.38470965295043 -31.016124838541646 -30.675723300355934 -30.364452901377952 -30.083217912982647 -29.832867780352597 -29.614185789921695 -29.427877939124322 -29.274562336608895 -29.154759474226502 -29.068883707497267 -29.017236257093817 -29.0 -29.0 -29.017236257093817 -29.068883707497267 -29.154759474226502 -29.274562336608895 -29.427877939124322 -29.614185789921695 -29.832867780352597 -30.083217912982647 -30.364452901377952 -30.675723300355934 -31.016124838541646 -31.38470965295043 -31.78049716414141 -32.202484376209235 -32.64965543462902 -33.12099032335839 -33.61547262794322 -34.132096331752024 -34.66987164671943 -34.48187929913333 -33.52610922848042 -32.57299494980466 -31.622776601683793 -30.675723300355934 -29.732137494637012 -28.792360097775937 -27.85677655436824 -26.92582403567252 -26.0 -25.079872407968907 -24.166091947189145 -23.259406699226016 -22.360679774997898 -21.470910553583888 -20.591260281974 -19.72308292331602 -18.867962264113206 -18.027756377319946 -17.204650534085253 -16.401219466856727 -15.620499351813308 -14.866068747318506 -14.142135623730951 -13.45362404707371 -12.806248474865697 -12.206555615733702 -11.661903789690601 -11.180339887498949 -10.770329614269007 -10.44030650891055 -10.198039027185569 -10.04987562112089 -10.0 -10.0 -10.04987562112089 -10.198039027185569 -10.44030650891055 -10.770329614269007 -11.180339887498949 -11.661903789690601 -12.206555615733702 -12.806248474865697 -13.45362404707371 -14.142135623730951 -14.866068747318506 -15.620499351813308 -16.401219466856727 -17.204650534085253 -18.027756377319946 -18.867962264113206 -19.72308292331602 -20.591260281974 -21.470910553583888 -22.360679774997898 -23.259406699226016 -24.166091947189145 -25.079872407968907 -26.0 -26.92582403567252 -27.85677655436824 -28.792360097775937 -29.732137494637012 -30.675723300355934 -31.622776601683793 -32.57299494980466 -33.52610922848042 -34.48187929913333 -35.4400902933387 -36.40054944640259 -37.36308338453881 -38.3275357934736 -39.293765408777 -40.26164427839479 
-31.76476034853718 -31.304951684997057 -30.870698080866262 -30.463092423455635 -30.083217912982647 -29.732137494637012 -29.410882339705484 -29.120439557122072 -28.861739379323623 -28.635642126552707 -28.442925306655784 -28.284271247461902 -28.160255680657446 -28.071337695236398 -28.0178514522438 -28.0 -28.0 -28.0178514522438 -28.071337695236398 -28.160255680657446 -28.284271247461902 -28.442925306655784 -28.635642126552707 -28.861739379323623 -29.120439557122072 -29.410882339705484 -29.732137494637012 -30.083217912982647 -30.463092423455635 -30.870698080866262 -31.304951684997057 -31.76476034853718 -32.2490309931942 -32.7566787083184 -33.28663395418648 -33.83784863137726 -34.20526275297414 -33.24154027718932 -32.28002478313795 -31.32091952673165 -30.364452901377952 -29.410882339705484 -28.460498941515414 -27.51363298439521 -26.570660511172846 -25.632011235952593 -24.698178070456937 -23.769728648009426 -22.847319317591726 -21.93171219946131 -21.02379604162864 -20.12461179749811 -19.235384061671343 -18.35755975068582 -17.4928556845359 -16.64331697709324 -15.811388300841896 -15.0 -14.212670403551895 -13.45362404707371 -12.727922061357855 -12.041594578792296 -11.40175425099138 -10.816653826391969 -10.295630140987 -9.848857801796104 -9.486832980505138 -9.219544457292887 -9.055385138137417 -9.0 -9.0 -9.055385138137417 -9.219544457292887 -9.486832980505138 -9.848857801796104 -10.295630140987 -10.816653826391969 -11.40175425099138 -12.041594578792296 -12.727922061357855 -13.45362404707371 -14.212670403551895 -15.0 -15.811388300841896 -16.64331697709324 -17.4928556845359 -18.35755975068582 -19.235384061671343 -20.12461179749811 -21.02379604162864 -21.93171219946131 -22.847319317591726 -23.769728648009426 -24.698178070456937 -25.632011235952593 -26.570660511172846 -27.51363298439521 -28.460498941515414 -29.410882339705484 -30.364452901377952 -31.32091952673165 -32.28002478313795 -33.24154027718932 -34.20526275297414 -35.17101079013795 -36.138621999185304 -37.107950630558946 -38.07886552931954 -39.05124837953327 -40.024992192379 
-30.886890422961002 -30.4138126514911 -29.966648127543394 -29.546573405388315 -29.154759474226502 -28.792360097775937 -28.460498941515414 -28.160255680657446 -27.892651361962706 -27.65863337187866 -27.459060435491963 -27.294688127912362 -27.16615541441225 -27.073972741361768 -27.018512172212592 -27.0 -27.0 -27.018512172212592 -27.073972741361768 -27.16615541441225 -27.294688127912362 -27.459060435491963 -27.65863337187866 -27.892651361962706 -28.160255680657446 -28.460498941515414 -28.792360097775937 -29.154759474226502 -29.546573405388315 -29.966648127543394 -30.4138126514911 -30.886890422961002 -31.38470965295043 -31.906112267087632 -32.449961479175904 -33.015148038438355 -33.60059523282288 -32.984845004941285 -32.01562118716424 -31.04834939252005 -30.083217912982647 -29.120439557122072 -28.160255680657446 -27.202941017470888 -26.248809496813376 -25.298221281347036 -24.351591323771842 -23.40939982143925 -22.47220505424423 -21.540659228538015 -20.615528128088304 -19.697715603592208 -18.788294228055936 -17.88854381999832 -17.0 -16.1245154965971 -15.264337522473747 -14.422205101855956 -13.601470508735444 -12.806248474865697 -12.041594578792296 -11.313708498984761 -10.63014581273465 -10.0 -9.433981132056603 -8.94427190999916 -8.54400374531753 -8.246211251235321 -8.06225774829855 -8.0 -8.0 -8.06225774829855 -8.246211251235321 -8.54400374531753 -8.94427190999916 -9.433981132056603 -10.0 -10.63014581273465 -11.313708498984761 -12.041594578792296 -12.806248474865697 -13.601470508735444 -14.422205101855956 -15.264337522473747 -16.1245154965971 -17.0 -17.88854381999832 -18.788294228055936 -19.697715603592208 -20.615528128088304 -21.540659228538015 -22.47220505424423 -23.40939982143925 -24.351591323771842 -25.298221281347036 -26.248809496813376 -27.202941017470888 -28.160255680657446 -29.120439557122072 -30.083217912982647 -31.04834939252005 -32.01562118716424 -32.984845004941285 -33.95585369269929 -34.92849839314596 -35.90264614203248 -36.87817782917155 -37.8549864614954 -38.8329756778952 -39.81205847478876 
-30.01666203960727 -29.5296461204668 -29.068883707497267 -28.635642126552707 -28.231188426986208 -27.85677655436824 -27.51363298439521 -27.202941017470888 -26.92582403567252 -26.68332812825267 -26.476404589747453 -26.30589287593181 -26.1725046566048 -26.076809620810597 -26.019223662515376 -26.0 -26.0 -26.019223662515376 -26.076809620810597 -26.1725046566048 -26.30589287593181 -26.476404589747453 -26.68332812825267 -26.92582403567252 -27.202941017470888 -27.51363298439521 -27.85677655436824 -28.231188426986208 -28.635642126552707 -29.068883707497267 -29.5296461204668 -30.01666203960727 -30.528675044947494 -31.064449134018133 -31.622776601683793 -32.202484376209235 -32.802438933713454 -32.7566787083184 -31.78049716414141 -30.805843601498726 -29.832867780352597 -28.861739379323623 -27.892651361962706 -26.92582403567252 -25.96150997149434 -25.0 -24.041630560342615 -23.08679276123039 -22.135943621178654 -21.18962010041709 -20.248456731316587 -19.313207915827967 -18.384776310850235 -17.46424919657298 -16.55294535724685 -15.652475842498529 -14.7648230602334 -13.892443989449804 -13.038404810405298 -12.206555615733702 -11.40175425099138 -10.63014581273465 -9.899494936611665 -9.219544457292887 -8.602325267042627 -8.06225774829855 -7.615773105863909 -7.280109889280518 -7.0710678118654755 -7.0 -7.0 -7.0710678118654755 -7.280109889280518 -7.615773105863909 -8.06225774829855 -8.602325267042627 -9.219544457292887 -9.899494936611665 -10.63014581273465 -11.40175425099138 -12.206555615733702 -13.038404810405298 -13.892443989449804 -14.7648230602334 -15.652475842498529 -16.55294535724685 -17.46424919657298 -18.384776310850235 -19.313207915827967 -20.248456731316587 -21.18962010041709 -22.135943621178654 -23.08679276123039 -24.041630560342615 -25.0 -25.96150997149434 -26.92582403567252 -27.892651361962706 -28.861739379323623 -29.832867780352597 -30.805843601498726 -31.78049716414141 -32.7566787083184 -33.734255586866 -34.713109915419565 -35.6931365951495 -36.6742416417845 -37.656340767525464 -38.63935817272331 -39.6232255123179 
-29.154759474226502 -28.653097563788805 -28.178005607210743 -27.730849247724095 -27.313000567495326 -26.92582403567252 -26.570660511172846 -26.248809496813376 -25.96150997149434 -25.709920264364882 -25.495097567963924 -25.317977802344327 -25.179356624028344 -25.079872407968907 -25.019992006393608 -25.0 -25.0 -25.019992006393608 -25.079872407968907 -25.179356624028344 -25.317977802344327 -25.495097567963924 -25.709920264364882 -25.96150997149434 -26.248809496813376 -26.570660511172846 -26.92582403567252 -27.313000567495326 -27.730849247724095 -28.178005607210743 -28.653097563788805 -29.154759474226502 -29.68164415931166 -30.23243291566195 -30.805843601498726 -31.400636936215164 -32.01562118716424 -32.55764119219941 -31.575306807693888 -30.59411708155671 -29.614185789921695 -28.635642126552707 -27.65863337187866 -26.68332812825267 -25.709920264364882 -24.73863375370596 -23.769728648009426 -22.80350850198276 -21.840329667841555 -20.8806130178211 -19.924858845171276 -18.973665961010276 -18.027756377319946 -17.08800749063506 -16.15549442140351 -15.231546211727817 -14.317821063276353 -13.416407864998739 -12.529964086141668 -11.661903789690601 -10.816653826391969 -10.0 -9.219544457292887 -8.48528137423857 -7.810249675906654 -7.211102550927978 -6.708203932499369 -6.324555320336759 -6.082762530298219 -6.0 -6.0 -6.082762530298219 -6.324555320336759 -6.708203932499369 -7.211102550927978 -7.810249675906654 -8.48528137423857 -9.219544457292887 -10.0 -10.816653826391969 -11.661903789690601 -12.529964086141668 -13.416407864998739 -14.317821063276353 -15.231546211727817 -16.15549442140351 -17.08800749063506 -18.027756377319946 -18.973665961010276 -19.924858845171276 -20.8806130178211 -21.840329667841555 -22.80350850198276 -23.769728648009426 -24.73863375370596 -25.709920264364882 -26.68332812825267 -27.65863337187866 -28.635642126552707 -29.614185789921695 -30.59411708155671 -31.575306807693888 -32.55764119219941 -33.54101966249684 -34.52535300326414 -35.510561809129406 -36.49657518178932 -37.48332962798263 -38.47076812334269 -39.45883931389772 
-28.30194339616981 -27.784887978899608 -27.294688127912362 -26.832815729997478 -26.40075756488817 -26.0 -25.632011235952593 -25.298221281347036 -25.0 -24.73863375370596 -24.515301344262525 -24.331050121192877 -24.186773244895647 -24.08318915758459 -24.020824298928627 -24.0 -24.0 -24.020824298928627 -24.08318915758459 -24.186773244895647 -1.7976931348623157E308 -1.7976931348623157E308 -1.7976931348623157E308 -1.7976931348623157E308 -1.7976931348623157E308 -1.7976931348623157E308 -1.7976931348623157E308 -1.7976931348623157E308 -1.7976931348623157E308 -1.7976931348623157E308 -1.7976931348623157E308 -1.7976931348623157E308 -1.7976931348623157E308 -1.7976931348623157E308 -1.7976931348623157E308 -1.7976931348623157E308 -1.7976931348623157E308 -1.7976931348623157E308 -1.7976931348623157E308 -1.7976931348623157E308 -1.7976931348623157E308 -1.7976931348623157E308 -1.7976931348623157E308 -1.7976931348623157E308 -1.7976931348623157E308 -1.7976931348623157E308 -1.7976931348623157E308 -1.7976931348623157E308 -1.7976931348623157E308 -1.7976931348623157E308 -1.7976931348623157E308 -1.7976931348623157E308 -1.7976931348623157E308 -1.7976931348623157E308 -1.7976931348623157E308 -1.7976931348623157E308 -1.7976931348623157E308 -1.7976931348623157E308 -1.7976931348623157E308 -1.7976931348623157E308 -1.7976931348623157E308 -1.7976931348623157E308 -1.7976931348623157E308 -1.7976931348623157E308 -1.7976931348623157E308 -1.7976931348623157E308 -5.830951894845301 -5.385164807134504 -5.0990195135927845 -5.0 -5.0 -5.0990195135927845 -5.385164807134504 -5.830951894845301 -6.4031242374328485 -7.0710678118654755 -7.810249675906654 -8.602325267042627 -9.433981132056603 -10.295630140987 -11.180339887498949 -12.083045973594572 -13.0 -13.92838827718412 -14.866068747318506 -15.811388300841896 -16.76305461424021 -17.72004514666935 -18.681541692269406 -19.6468827043885 -20.615528128088304 -21.587033144922902 -22.561028345356956 -23.53720459187964 -24.515301344262525 -25.495097567963924 -26.476404589747453 -27.459060435491963 -28.442925306655784 -29.427877939124322 -30.4138126514911 -31.400636936215164 -32.38826948140329 -33.37663853655727 -34.36568055487916 -35.35533905932738 -36.345563690772494 -37.33630940518894 -38.3275357934736 -39.319206502675 
-27.459060435491963 -26.92582403567252 -26.419689627245813 -25.942243542145693 -25.495097567963924 -25.079872407968907 -24.698178070456937 -24.351591323771842 -24.041630560342615 -23.769728648009426 -23.53720459187964 -23.345235059857504 -23.194827009486403 -23.08679276123039 -23.021728866442675 -23.0 -23.0 -23.021728866442675 -23.08679276123039 -23.194827009486403 -1.7976931348623157E308 -1.7976931348623157E308 -1.7976931348623157E308 -1.7976931348623157E308 -1.7976931348623157E308 -1.7976931348623157E308 -1.7976931348623157E308 -1.7976931348623157E308 -1.7976931348623157E308 -1.7976931348623157E308 -1.7976931348623157E308 -1.7976931348623157E308 -1.7976931348623157E308 -1.7976931348623157E308 -1.7976931348623157E308 -1.7976931348623157E308 -1.7976931348623157E308 -1.7976931348623157E308 -1.7976931348623157E308 -1.7976931348623157E308 -1.7976931348623157E308 -1.7976931348623157E308 -1.7976931348623157E308 -1.7976931348623157E308 -1.7976931348623157E308 -1.7976931348623157E308 -1.7976931348623157E308 -1.7976931348623157E308 -1.7976931348623157E308 -1.7976931348623157E308 -1.7976931348623157E308 -1.7976931348623157E308 -1.7976931348623157E308 -1.7976931348623157E308 -1.7976931348623157E308 -1.7976931348623157E308 -1.7976931348623157E308 -1.7976931348623157E308 -1.7976931348623157E308 -1.7976931348623157E308 -1.7976931348623157E308 -1.7976931348623157E308 -1.7976931348623157E308 -1.7976931348623157E308 -1.7976931348623157E308 -1.7976931348623157E308 -5.0 -4.47213595499958 -4.123105625617661 -4.0 -4.0 -4.123105625617661 -4.47213595499958 -5.0 -5.656854249492381 -6.4031242374328485 -7.211102550927978 -8.06225774829855 -8.94427190999916 -9.848857801796104 -10.770329614269007 -11.704699910719626 -12.649110640673518 -13.601470508735444 -14.560219778561036 -15.524174696260024 -16.492422502470642 -17.46424919657298 -18.439088914585774 -19.4164878389476 -20.396078054371138 -21.37755832643195 -22.360679774997898 -23.345235059857504 -24.331050121192877 -25.317977802344327 -26.30589287593181 -27.294688127912362 -28.284271247461902 -29.274562336608895 -30.265491900843113 -31.25699921617557 -32.2490309931942 -33.24154027718932 -34.23448553724738 -35.22782990761707 -36.22154055254967 -37.21558813185679 -38.2099463490856 -39.20459156782532 
-26.627053911388696 -26.076809620810597 -25.553864678361276 -25.059928172283335 -24.596747752497688 -24.166091947189145 -23.769728648009426 -23.40939982143925 -23.08679276123039 -22.80350850198276 -22.561028345356956 -22.360679774997898 -22.20360331117452 -22.090722034374522 -22.02271554554524 -22.0 -22.0 -22.02271554554524 -22.090722034374522 -22.20360331117452 -1.7976931348623157E308 -1.7976931348623157E308 -22.80350850198276 -23.08679276123039 -23.40939982143925 -23.769728648009426 -24.166091947189145 -24.596747752497688 -25.059928172283335 -25.553864678361276 -26.076809620810597 -26.627053911388696 -27.202941017470888 -27.80287754891569 -28.42534080710379 -29.068883707497267 -29.732137494637012 -30.4138126514911 -31.11269837220809 -30.14962686336267 -29.154759474226502 -28.160255680657446 -27.16615541441225 -26.1725046566048 -25.179356624028344 -24.186773244895647 -23.194827009486403 -22.20360331117452 -21.213203435596427 -20.223748416156685 -19.235384061671343 -18.24828759089466 -17.26267650163207 -16.278820596099706 -15.297058540778355 -14.317821063276353 -13.341664064126334 -12.36931687685298 -11.40175425099138 -10.44030650891055 -9.486832980505138 -8.54400374531753 -7.615773105863909 -6.708203932499369 -1.7976931348623157E308 -1.7976931348623157E308 -4.242640687119285 -3.605551275463989 -3.1622776601683795 -3.0 -3.0 -3.1622776601683795 -3.605551275463989 -4.242640687119285 -5.0 -5.830951894845301 -6.708203932499369 -7.615773105863909 -8.54400374531753 -9.486832980505138 -10.44030650891055 -11.40175425099138 -12.36931687685298 -13.341664064126334 -14.317821063276353 -15.297058540778355 -16.278820596099706 -17.26267650163207 -18.24828759089466 -19.235384061671343 -20.223748416156685 -21.213203435596427 -22.20360331117452 -23.194827009486403 -24.186773244895647 -25.179356624028344 -26.1725046566048 -27.16615541441225 -28.160255680657446 -29.154759474226502 -30.14962686336267 -31.144823004794873 -32.14031735997639 -33.13608305156178 -34.132096331752024 -35.12833614050059 -36.124783736376884 -37.12142238654117 -38.118237105091836 -39.11521443121589 
-25.80697580112788 -25.238858928247925 -24.698178070456937 -24.186773244895647 -23.706539182259394 -23.259406699226016 -22.847319317591726 -22.47220505424423 -22.135943621178654 -21.840329667841555 -21.587033144922902 -21.37755832643195 -21.213203435596427 -21.095023109728988 -21.02379604162864 -21.0 -21.0 -21.02379604162864 -21.095023109728988 -21.213203435596427 -1.7976931348623157E308 -1.7976931348623157E308 -21.840329667841555 -22.135943621178654 -22.47220505424423 -22.847319317591726 -23.259406699226016 -23.706539182259394 -24.186773244895647 -24.698178070456937 -25.238858928247925 -25.80697580112788 -26.40075756488817 -27.018512172212592 -27.65863337187866 -28.319604517012593 -29.0 -29.698484809834994 -30.4138126514911 -30.066592756745816 -29.068883707497267 -28.071337695236398 -27.073972741361768 -26.076809620810597 -25.079872407968907 -24.08318915758459 -23.08679276123039 -22.090722034374522 -21.095023109728988 -20.09975124224178 -19.1049731745428 -18.110770276274835 -17.11724276862369 -16.1245154965971 -15.132745950421556 -14.142135623730951 -13.152946437965905 -12.165525060596439 -11.180339887498949 -10.198039027185569 -9.219544457292887 -8.246211251235321 -7.280109889280518 -6.324555320336759 -1.7976931348623157E308 -1.7976931348623157E308 -3.605551275463989 -2.8284271247461903 -2.23606797749979 -2.0 -2.0 -2.23606797749979 -2.8284271247461903 -3.605551275463989 -4.47213595499958 -5.385164807134504 -6.324555320336759 -7.280109889280518 -8.246211251235321 -9.219544457292887 -10.198039027185569 -11.180339887498949 -12.165525060596439 -13.152946437965905 -14.142135623730951 -15.132745950421556 -16.1245154965971 -17.11724276862369 -18.110770276274835 -19.1049731745428 -20.09975124224178 -21.095023109728988 -22.090722034374522 -23.08679276123039 -24.08318915758459 -25.079872407968907 -26.076809620810597 -27.073972741361768 -28.071337695236398 -29.068883707497267 -30.066592756745816 -31.064449134018133 -32.0624390837628 -33.06055050963308 -34.058772731852805 -35.05709628591621 -36.05551275463989 -37.05401462729781 -38.05259518088089 -39.05124837953327 
-25.0 -24.413111231467404 -23.853720883753127 -23.323807579381203 -22.825424421026653 -22.360679774997898 -21.93171219946131 -21.540659228538015 -21.18962010041709 -20.8806130178211 -20.615528128088304 -20.396078054371138 -20.223748416156685 -20.09975124224178 -20.024984394500787 -20.0 -20.0 -20.024984394500787 -20.09975124224178 -20.223748416156685 -1.7976931348623157E308 -1.7976931348623157E308 -20.8806130178211 -21.18962010041709 -21.540659228538015 -21.93171219946131 -22.360679774997898 -22.825424421026653 -23.323807579381203 -23.853720883753127 -24.413111231467404 -25.0 -25.612496949731394 -26.248809496813376 -26.90724809414742 -27.586228448267445 -28.284271247461902 -29.0 -29.732137494637012 -30.01666203960727 -29.017236257093817 -28.0178514522438 -27.018512172212592 -26.019223662515376 -25.019992006393608 -24.020824298928627 -23.021728866442675 -22.02271554554524 -21.02379604162864 -20.024984394500787 -19.026297590440446 -18.027756377319946 -17.029386365926403 -16.0312195418814 -15.033296378372908 -14.035668847618199 -13.038404810405298 -12.041594578792296 -11.045361017187261 -10.04987562112089 -9.055385138137417 -8.06225774829855 -7.0710678118654755 -6.082762530298219 -1.7976931348623157E308 -1.7976931348623157E308 -3.1622776601683795 -2.23606797749979 -1.4142135623730951 -1.0 -1.0 -1.4142135623730951 -2.23606797749979 -3.1622776601683795 -4.123105625617661 -5.0990195135927845 -6.082762530298219 -7.0710678118654755 -8.06225774829855 -9.055385138137417 -10.04987562112089 -11.045361017187261 -12.041594578792296 -13.038404810405298 -14.035668847618199 -15.033296378372908 -16.0312195418814 -17.029386365926403 -18.027756377319946 -19.026297590440446 -20.024984394500787 -21.02379604162864 -22.02271554554524 -23.021728866442675 -24.020824298928627 -25.019992006393608 -26.019223662515376 -27.018512172212592 -28.0178514522438 -29.017236257093817 -30.01666203960727 -31.016124838541646 -32.01562118716424 -33.015148038438355 -34.0147027033899 -35.014282800023196 -36.013886210738214 -37.013511046643494 -38.01315561749642 -39.01281840626232 
-24.20743687382041 -23.600847442411894 -23.021728866442675 -22.47220505424423 -21.95449840010015 -21.470910553583888 -21.02379604162864 -20.615528128088304 -20.248456731316587 -19.924858845171276 -19.6468827043885 -19.4164878389476 -19.235384061671343 -19.1049731745428 -19.026297590440446 -19.0 -19.0 -19.026297590440446 -19.1049731745428 -19.235384061671343 -1.7976931348623157E308 -1.7976931348623157E308 -19.924858845171276 -20.248456731316587 -20.615528128088304 -21.02379604162864 -21.470910553583888 -21.95449840010015 -22.47220505424423 -23.021728866442675 -23.600847442411894 -24.20743687382041 -24.839484696748443 -25.495097567963924 -26.1725046566048 -26.870057685088806 -27.586228448267445 -28.319604517012593 -29.068883707497267 -29.832867780352597 -29.0 -28.0 -27.0 -26.0 -25.0 -24.0 -23.0 -22.0 -21.0 -20.0 -19.0 -18.0 -17.0 -16.0 -15.0 -14.0 -13.0 -12.0 -11.0 -10.0 -9.0 -8.0 -7.0 -6.0 -1.7976931348623157E308 -1.7976931348623157E308 -3.0 -2.0 -1.0 -0.0 -0.0 -1.0 -2.0 -3.0 -4.0 -5.0 -6.0 -7.0 -8.0 -9.0 -10.0 -11.0 -12.0 -13.0 -14.0 -15.0 -16.0 -17.0 -18.0 -19.0 -20.0 -21.0 -22.0 -23.0 -24.0 -25.0 -26.0 -27.0 -28.0 -29.0 -30.0 -31.0 -32.0 -33.0 -34.0 -35.0 -36.0 -37.0 -38.0 -39.0 
-23.430749027719962 -22.80350850198276 -22.20360331117452 -21.633307652783937 -21.095023109728988 -20.591260281974 -20.12461179749811 -19.697715603592208 -19.313207915827967 -18.973665961010276 -18.681541692269406 -18.439088914585774 -18.24828759089466 -18.110770276274835 -18.027756377319946 -18.0 -18.0 -18.027756377319946 -18.110770276274835 -18.24828759089466 -1.7976931348623157E308 -1.7976931348623157E308 -18.973665961010276 -19.313207915827967 -19.697715603592208 -20.12461179749811 -20.591260281974 -21.095023109728988 -21.633307652783937 -22.20360331117452 -22.80350850198276 -23.430749027719962 -24.08318915758459 -24.758836806279895 -25.45584412271571 -26.1725046566048 -26.90724809414742 -27.65863337187866 -28.42534080710379 -29.206163733020468 -29.0 -28.0 -27.0 -26.0 -25.0 -24.0 -23.0 -22.0 -21.0 -20.0 -19.0 -18.0 -17.0 -16.0 -15.0 -14.0 -13.0 -12.0 -11.0 -10.0 -9.0 -8.0 -7.0 -6.0 -5.0 -4.0 -3.0 -2.0 -1.0 -0.0 -0.0 -1.0 -2.0 -3.0 -4.0 -5.0 -6.0 -7.0 -8.0 -9.0 -10.0 -11.0 -12.0 -13.0 -14.0 -15.0 -16.0 -17.0 -18.0 -19.0 -20.0 -21.0 -22.0 -23.0 -24.0 -25.0 -26.0 -27.0 -28.0 -29.0 -30.0 -31.0 -32.0 -33.0 -34.0 -35.0 -36.0 -37.0 -38.0 -39.0 
