<?xml version="1.0" encoding="UTF-8" standalone="yes"?>
<output>
    <algorithm>eEuclid</algorithm>
    <cellsize>40.0cm</cellsize>
    <deviation>0.11686</deviation>
    <distanceMap>-25.314027731674784 -24.973586046060746 -24.634934544260517 -24.298148077579906 -23.963305281200256 -23.63048878038709 -23.29978540673712 -22.97128642457797 -22.645087767549057 -22.32129028528593 -22.0 -21.681328372588244 -21.365392577717827 -21.05231578710523 -20.74222745994268 -20.43526363911168 -20.13156725145859 -19.831288409984865 -19.53458471531965 -19.24162155328911 -18.952572384771415 -18.667619023324857 -18.386951895297926 -18.110770276274835 -17.839282496782207 -17.57270610919104 -17.311268006705923 -17.055204484262273 -16.804761230080004 -16.560193235587562 -16.321764610482532 -16.089748288895013 -15.864425612041552 -15.646085772486357 -15.435025105259792 -15.231546211727817 -15.035956903370002 -14.848568954616468 -14.6696966567138 -14.499655168313488 -14.338758663147937 -14.18731828077456 -14.045639892863552 -13.91402170474087 -13.792751719653333 -13.682105101189658 -13.582341477079718 -13.4937022347464 -13.416407864998739 -13.35065541462291 -13.29661611087573 -13.254433220624714 -13.224220203853234 -13.206059215375342 -13.200000000000001 
-25.107767722360347 -24.76449070746257 -24.422940035957996 -24.08318915758459 -23.74531532744933 -23.40939982143925 -23.075528162969533 -22.7437903613272 -22.414281161795042 -22.08710030764564 -21.76235281397671 -21.440149253211835 -21.12060605191054 -20.80384579831335 -20.489997559785117 -20.179197209007103 -19.871587757398757 -19.567319693816017 -19.266551326067674 -18.969449122207003 -18.676188047886004 -18.386951895297926 -18.10193359837562 -17.82133552795637 -17.54536975956905 -17.27425830535135 -17.00823330037544 -16.747537132366656 -16.492422502470642 -16.243152403397563 -16.0 -15.763248396190427 -15.53319027115808 -15.310127367203712 -15.094369811290566 -14.886235252742717 -14.686047800548657 -14.494136745594751 -14.310835055998655 -14.136477637657833 -13.971399357258385 -13.815932831336434 -13.67040599250805 -13.535139452550906 -13.41044369139217 -13.29661611087573 -13.193938001976514 -13.10267148332736 -13.023056476879766 -12.955307792561317 -12.899612397277679 -12.856126943990558 -12.824975633505119 -12.806248474865697 -12.8 
-24.906224121692958 -24.560130292814005 -24.2156973882645 -23.87299729820284 -23.532105728132365 -23.19310242291876 -22.856071403458646 -22.521101216414795 -22.18828519737386 -21.8577217477028 -21.529514625276622 -21.203773249117717 -20.8806130178211 -20.560155641434235 -20.242529486207992 -19.92786993132984 -19.616319736382767 -19.308029417835474 -19.003157632351527 -18.701871564097537 -18.404347312523747 -18.110770276274835 -17.82133552795637 -17.53624817342638 -17.255723688098396 -16.9799882214329 -16.70927885936434 -16.443843832875572 -16.18394265931513 -15.929846201391904 -15.681836627130128 -15.440207252495027 -15.20526224699857 -14.977316181479246 -14.756693396557374 -14.543727170158276 -14.338758663147937 -14.142135623730951 -13.954210834009928 -13.77534028617805 -13.60588108135596 -13.446189051177289 -13.29661611087573 -13.157507362718821 -13.029197979921864 -12.91200991325518 -12.806248474865697 -12.712198865656564 -12.630122723077555 -12.560254774486067 -12.502799686470228 -12.457929201917949 -12.425779653607254 -12.40644993541666 -12.4 
-24.709512338368803 -24.36062396573618 -24.013329631685817 -23.667699507979226 -23.323807579381203 -22.98173187555716 -22.64155471693585 -22.30336297512104 -21.96724834839357 -21.633307652783937 -21.301643129110957 -20.972362766269327 -20.645580640902306 -20.321417273408862 -20.0 -19.681463360228072 -19.365949499056327 -19.053608582103287 -18.74459922217597 -18.439088914585778 -18.137254478007417 -17.839282496782207 -17.54536975956905 -17.255723688098396 -16.970562748477143 -16.690116836020053 -16.414627622946554 -16.144348856488453 -15.879546593023367 -15.620499351813308 -15.367498169838838 -15.12084653714864 -14.88086019019062 -14.647866738880445 -14.422205101855958 -14.204224723651762 -13.994284547628721 -13.792751719653333 -13.600000000000001 -13.416407864998739 -13.242356285797479 -13.078226179417454 -12.924395537122809 -12.781236246936366 -12.649110640673518 -12.52836781069266 -12.41933975700802 -12.32233744059949 -12.237646832622685 -12.16552506059644 -12.106196760337246 -12.059850745345068 -12.026637102698327 -12.006664815842909 -12.0 
-24.51774867315513 -24.166091947189145 -23.815961034566715 -23.467424230196208 -23.120553626589484 -22.775425352778814 -22.432119828495928 -22.090722034374522 -21.751321798916038 -21.414014102918678 -21.078899402008638 -20.746083967823907 -20.415680248279756 -20.08780724718355 -19.762590923257 -19.44016460835659 -19.120669444347392 -18.804254837669056 -18.491078930121954 -18.18130908378162 -17.875122377203464 -17.57270610919104 -17.27425830535135 -16.9799882214329 -16.690116836020053 -16.404877323527902 -16.1245154965971 -15.849290204927161 -15.579473675320358 -15.315351775261318 -15.05722417977497 -14.805404418657398 -14.560219778561038 -14.322011031974526 -14.091131963046829 -13.867948658687773 -13.65283853270081 -13.446189051177289 -13.248396129343357 -13.059862173851608 -12.880993750483695 -12.712198865656564 -12.553883861180173 -12.40644993541666 -12.270289320142375 -12.14578116055118 -12.033287165193059 -11.93314711214104 -11.84567431596868 -11.77115117564973 -11.709824934643558 -11.661903789690601 -11.627553482998907 -11.606894502837527 -11.600000000000001 
-24.33105012119288 -23.976655313033135 -23.62371689637344 -23.27230113246217 -22.922478051031046 -22.57432169523594 -22.22791038311969 -21.883326986543892 -21.54065922853802 -21.200000000000003 -20.86144769664848 -20.525106577068 -20.19108714259834 -19.85950653969026 -19.530488985173925 -19.20416621465249 -18.880677953929517 -18.56017241299229 -18.24280680158621 -17.928747864811978 -17.618172436436193 -17.311268006705923 -17.00823330037544 -16.70927885936434 -16.414627622946554 -16.1245154965971 -15.839191898578665 -15.558920271021378 -15.28397853963424 -15.014659503298768 -14.75127113166862 -14.494136745594751 -14.243595051811887 -14.0 -13.763720427268204 -13.535139452550906 -13.314653581674591 -13.10267148332736 -12.899612397277679 -12.705904139414873 -12.521980673998824 -12.348279232346506 -12.185236969382254 -12.033287165193059 -11.892854997854805 -11.764352935882194 -11.64817582284883 -11.54469575172945 -11.454256850621084 -11.377170122662314 -11.313708498984761 -11.26410227226298 -11.22853507809456 -11.207140580897521 -11.200000000000001 
-24.14953415699773 -23.792435772740884 -23.436723320464406 -23.082460874005616 -22.729716232280595 -22.378561169118985 -22.029071700822982 -21.681328372588244 -21.33541656495134 -20.991426821443085 -20.649455198624494 -20.309603639657766 -19.971980372511887 -19.636700333813724 -19.303885619221848 -18.973665961010276 -18.646179233290663 -18.32157198495806 -18.0 -17.681628884240276 -17.36663467687393 -17.055204484262273 -16.747537132366656 -16.443843832875572 -16.144348856488453 -15.849290204927161 -15.558920271021378 -15.273506473629428 -14.993331851193052 -14.718695594379279 -14.449913494550755 -14.18731828077456 -13.9312598138144 -13.682105101189658 -13.440238093129153 -13.206059215375342 -12.979984591670362 -12.762444906835054 -12.553883861180173 -12.354756169184402 -12.16552506059644 -11.986659251017358 -11.818629362155328 -11.661903789690601 -11.516944039110376 -11.384199576606166 -11.26410227226298 -11.157060544785082 -11.063453348751466 -10.983624174196786 -10.917875251164945 -10.8664621657649 -10.829589096544709 -10.807404868885037 -10.8 
-23.973318502034715 -23.613555429032708 -23.255106965997815 -22.89803485017874 -22.542404485768596 -22.18828519737386 -21.83575050232989 -21.484878403193257 -21.13575170179665 -20.788458336298053 -20.44309174268902 -20.09975124224178 -19.75854245636555 -19.41957775030137 -19.0829767070025 -18.748866632412746 -18.41738309315414 -18.088670487352022 -17.762882648939616 -17.440183485273312 -17.120747647226157 -16.804761230080004 -16.492422502470642 -16.18394265931513 -15.879546593023367 -15.579473675320358 -15.28397853963424 -14.993331851193052 -14.707821048680188 -14.427751037497146 -14.153444810363306 -13.885243966167828 -13.623509092741124 -13.368619973654724 -13.120975573485381 -12.880993750483695 -12.649110640673518 -12.425779653607254 -12.211470017978998 -12.006664815842909 -11.81185844818672 -11.627553482998907 -11.454256850621084 -11.292475370794484 -11.142710621747296 -11.005453193758084 -10.881176406988356 -10.77032961426901 -10.673331251301068 -10.590561835898981 -10.522357150372725 -10.469001862641921 -10.43072384832424 -10.40768946500615 -10.4 
-23.802520874898946 -23.44013651837378 -23.078994778802652 -22.719154913860685 -22.360679774997898 -22.00363606316011 -21.648094604375697 -21.294130646729865 -20.94182418033348 -20.591260281974 -20.242529486207992 -19.89572818471342 -19.5509590557599 -19.208331525668754 -18.86796226411321 -18.529975715040752 -18.194504664870657 -17.861690849412888 -17.531685600648903 -17.204650534085257 -16.880758276807352 -16.560193235587562 -16.243152403397563 -15.929846201391904 -15.620499351813308 -15.315351775261318 -15.014659503298768 -14.718695594379279 -14.427751037497146 -14.142135623730951 -13.862178760930767 -13.588230201170425 -13.320660644277371 -13.059862173851608 -12.806248474865697 -12.560254774486067 -12.32233744059949 -12.09297316626478 -11.872657663724665 -11.661903789690601 -11.461239025515523 -11.271202242884298 -11.092339699089639 -10.92520022699813 -10.77032961426901 -10.62826420446914 -10.49952379872535 -10.384603988597737 -10.283968105745954 -10.19803902718557 -10.12719112093773 -10.071742649611338 -10.031948963187563 -10.007996802557443 -10.0 
-23.637258724310655 -23.27230113246217 -22.908513701242168 -22.545953073667125 -22.184679398179277 -21.824756585125986 -21.466252583997985 -21.10923968313402 -20.753794833716555 -20.400000000000002 -20.04794253782667 -19.69771560359221 -19.349418595916518 -19.003157632351527 -18.659046063504963 -18.317205026968498 -17.977764043395386 -17.640861656959956 -17.30664612222715 -16.975276139138355 -16.64692163734785 -16.321764610482532 -16.0 -15.681836627130128 -15.367498169838838 -15.05722417977497 -14.75127113166862 -14.449913494550755 -14.153444810363306 -13.862178760930767 -13.576450198781712 -13.29661611087573 -13.023056476879766 -12.756174975281581 -12.496399481450647 -12.244182292011175 -12.0 -11.764352935882194 -11.537764081484767 -11.320777358467925 -11.113955191559844 -10.917875251164945 -10.733126291998992 -10.56030302595527 -10.4 -10.252804494381039 -10.119288512538816 -10.0 -9.895453501482386 -9.806120537705011 -9.732420048477152 -9.674709297958259 -9.633275663033837 -9.60832971957145 -9.600000000000001 
-23.477648945326706 -23.110170921046866 -22.7437903613272 -22.378561169118985 -22.01454064930722 -21.651789764358973 -21.29037341147402 -20.930360723121808 -20.571825392998065 -20.214846029589246 -19.85950653969026 -19.505896544378576 -19.154111830100607 -18.804254837669056 -18.456435192094926 -18.110770276274835 -17.76738585161025 -17.426416728633573 -17.08800749063506 -16.75231327309754 -16.419500601419035 -16.089748288895013 -15.763248396190427 -15.440207252495027 -15.12084653714864 -14.805404418657398 -14.494136745594751 -14.18731828077456 -13.885243966167828 -13.588230201170425 -13.29661611087573 -13.010764773832475 -12.731064370271639 -12.457929201917949 -12.191800523302538 -11.93314711214104 -11.682465493208188 -11.440279716860074 -11.207140580897521 -10.983624174196786 -10.77032961426901 -10.567875850898325 -10.376897416858277 -10.19803902718557 -10.031948963187563 -9.879271228182775 -9.740636529508738 -9.616652224137047 -9.50789145920377 -9.414881836751857 -9.338094023943002 -9.277930803794561 -9.234717104492157 -9.20869154657707 -9.200000000000001 
-23.323807579381203 -22.953866776645718 -22.58495074158897 -22.217110523198105 -21.85040045399626 -21.484878403193257 -21.12060605191054 -20.757649192526596 -20.39607805437114 -20.03596765818911 -19.67739820199815 -19.320455481173315 -18.965231345807517 -18.611824198610947 -18.260339536821323 -17.91089054179049 -17.56359872008012 -17.21859460002471 -16.876018487783192 -16.53602128687551 -16.19876538505327 -15.864425612041552 -15.53319027115808 -15.20526224699857 -14.88086019019062 -14.560219778561038 -14.243595051811887 -13.9312598138144 -13.623509092741124 -13.320660644277371 -13.023056476879766 -12.731064370271639 -12.445079348883237 -12.16552506059644 -11.892854997854805 -11.627553482998907 -11.370136322841518 -11.121151019566277 -10.881176406988356 -10.650821564555478 -10.43072384832424 -10.22154587134451 -10.023971268913336 -9.838699100999076 -9.666436778875658 -9.50789145920377 -9.363759928575702 -9.234717104492157 -9.121403400793104 -9.024411338142782 -8.94427190999916 -8.881441324469808 -8.836288813749809 -8.809086218218097 -8.8 
-23.17584949899356 -22.803508501982762 -22.432119828495928 -22.061731573020282 -21.69239498073 -21.324164696418947 -20.95709903588758 -20.591260281974 -20.22671500763285 -19.86353442869622 -19.50179478919825 -19.14157778240864 -18.782971010998235 -18.426068490049634 -18.07097119692243 -17.717787672280082 -17.36663467687393 -17.01763790894612 -16.670932787339765 -16.32666530556684 -15.98499296215047 -15.646085772486357 -15.310127367203712 -14.977316181479246 -14.647866738880445 -14.322011031974526 -14.0 -13.682105101189658 -13.368619973654724 -13.059862173851608 -12.756174975281581 -12.457929201917949 -12.16552506059644 -11.879393923933998 -11.600000000000001 -11.327841806805038 -11.063453348751466 -10.807404868885037 -10.56030302595527 -10.322790320451153 -10.09554357129917 -9.879271228182775 -9.674709297958259 -9.482615672903759 -9.303762679690406 -9.138927727036691 -8.988882021697693 -8.854377448471462 -8.736131867136622 -8.634813257969162 -8.55102333057278 -8.485281374238571 -8.438009243891596 -8.409518416651457 -8.4 
-23.033888078220752 -22.659214461229677 -22.285421243494593 -21.91255347968374 -21.54065922853802 -21.16978979583879 -20.8 -20.431348462595416 -20.063897926375127 -19.69771560359221 -19.332873557751316 -18.969449122207003 -18.607525359380812 -18.24719156473127 -17.88854381999832 -17.531685600648903 -17.176728442867113 -16.823792675850473 -16.473008225579203 -16.1245154965971 -15.778466338652818 -15.435025105259792 -15.094369811290566 -14.756693396557374 -14.422205101855958 -14.091131963046829 -13.763720427268204 -13.440238093129153 -13.120975573485381 -12.806248474865697 -12.496399481450647 -12.191800523302538 -11.892854997854805 -11.600000000000001 -11.313708498984761 -11.034491379306978 -10.762899237658969 -10.49952379872535 -10.244998779892558 -10.0 -9.765244492586962 -9.54148835350125 -9.329523031752482 -9.130169768410662 -8.94427190999916 -8.772684879784524 -8.616263691415206 -8.475848040166836 -8.35224520712844 -8.246211251235321 -8.158431221748456 -8.089499366462674 -8.039900496896712 -8.009993757800315 -8.0 
-22.89803485017874 -22.521101216414795 -22.144976857066254 -21.769703718700445 -21.395326592506134 -21.021893349553462 -20.649455198624494 -20.278066969018525 -19.907787421006887 -19.5386795869117 -19.170811146114815 -18.804254837669056 -18.439088914585778 -18.075397644312005 -17.713271860387625 -17.35280957078709 -16.994116628998402 -16.63730747446834 -16.282505949638097 -15.929846201391904 -15.579473675320358 -15.231546211727817 -14.886235252742717 -14.543727170158276 -14.204224723651762 -13.867948658687773 -13.535139452550906 -13.206059215375342 -12.880993750483695 -12.560254774486067 -12.244182292011175 -11.93314711214104 -11.627553482998907 -11.327841806805038 -11.034491379306978 -10.748023074035522 -10.469001862641921 -10.19803902718557 -9.935793878699378 -9.682974749528164 -9.440338976964759 -9.20869154657707 -8.988882021697693 -8.78179936004006 -8.588364221433556 -8.409518416651457 -8.246211251235321 -8.099382692526635 -7.96994353806851 -7.8587530817554 -7.76659513557904 -7.694153624668537 -7.64198926981712 -7.6105190361761785 -7.6000000000000005 
-22.768399153212332 -22.38928315065045 -22.01090638751617 -21.633307652783937 -21.25652840893828 -20.8806130178211 -20.505608988762077 -20.13156725145859 -19.75854245636555 -19.386593305684215 -19.01578291840754 -18.646179233290663 -18.277855454073382 -17.91089054179049 -17.54536975956905 -17.181385275931625 -16.819036833302913 -16.458432489152788 -16.09968943799849 -15.742934923323544 -15.388307249337075 -15.035956903370002 -14.686047800548657 -14.338758663147937 -13.994284547628721 -13.65283853270081 -13.314653581674591 -12.979984591670362 -12.649110640673518 -12.32233744059949 -12.0 -11.682465493208188 -11.370136322841518 -11.063453348751466 -10.762899237658969 -10.469001862641921 -10.182337649086286 -9.903534722511958 -9.633275663033837 -9.372299611087985 -9.121403400793104 -8.881441324469808 -8.653323061113575 -8.438009243891596 -8.236504112789602 -8.049844718999244 -7.879086241436884 -7.725283166331187 -7.589466384404111 -7.472616676907762 -7.37563556583431 -7.299315036357864 -7.244308110509934 -7.211102550927979 -7.2 
-22.645087767549057 -22.263872080121196 -21.883326986543892 -21.50348808914498 -21.12439348241743 -20.746083967823907 -20.368603290358426 -19.99199839935968 -19.616319736382767 -19.24162155328911 -18.86796226411321 -18.49540483471503 -18.124017214734707 -17.75387281693772 -17.385051049680584 -17.01763790894612 -16.65172663719892 -16.287418457201866 -15.924823389915506 -15.564061166674975 -15.20526224699857 -14.848568954616468 -14.494136745594751 -14.142135623730951 -13.792751719653333 -13.446189051177289 -13.10267148332736 -12.762444906835054 -12.425779653607254 -12.09297316626478 -11.764352935882194 -11.440279716860074 -11.121151019566277 -10.807404868885037 -10.49952379872535 -10.19803902718557 -9.903534722511958 -9.616652224137047 -9.338094023943002 -9.068627239003709 -8.809086218218097 -8.560373823613078 -8.323460818673926 -8.099382692526635 -7.889233169326409 -7.694153624668537 -7.515317691222375 -7.353910524340094 -7.211102550927979 -7.08801805866774 -6.985699678629192 -6.905070600652827 -6.846897107449476 -6.811754546370562 -6.800000000000001 
-22.52820454452596 -22.144976857066254 -21.76235281397671 -21.38036482382843 -20.9990475974507 -20.618438350175797 -20.238577025077632 -19.85950653969026 -19.481273059017475 -19.103926298015285 -18.727519857151403 -18.352111595127138 -17.977764043395386 -17.60454486773231 -17.232527382830412 -16.861791126686395 -16.492422502470642 -16.1245154965971 -15.758172482873768 -15.393505123915086 -15.03063538244475 -14.6696966567138 -14.310835055998655 -13.954210834009928 -13.600000000000001 -13.248396129343357 -12.899612397277679 -12.553883861180173 -12.211470017978998 -11.872657663724665 -11.537764081484767 -11.207140580897521 -10.881176406988356 -10.56030302595527 -10.244998779892558 -9.935793878699378 -9.633275663033837 -9.338094023943002 -9.05096679918781 -8.772684879784524 -8.50411665018772 -8.246211251235321 -8.0 -7.76659513557904 -7.547184905645283 -7.3430239002743285 -7.155417527999328 -6.985699678629192 -6.835202996254025 -6.705221845696085 -6.596969000988257 -6.511528238439883 -6.449806198638839 -6.412487816752559 -6.4 
-22.417850030723287 -22.03270296627266 -21.648094604375697 -21.26405417600322 -20.8806130178211 -20.497804760510334 -20.115665537088255 -19.73423421367042 -19.35355264544471 -18.973665961010276 -18.594622878671135 -18.216476058777122 -17.839282496782207 -17.46310396235446 -17.08800749063506 -16.714065932620944 -16.341358572652396 -15.969971822141705 -15.600000000000001 -15.231546211727817 -14.864723340849636 -14.499655168313488 -14.136477637657833 -13.77534028617805 -13.416407864998739 -13.059862173851608 -12.705904139414873 -12.354756169184402 -12.006664815842909 -11.661903789690601 -11.320777358467925 -10.983624174196786 -10.650821564555478 -10.322790320451153 -10.0 -9.682974749528164 -9.372299611087985 -9.068627239003709 -8.772684879784524 -8.485281374238571 -8.207313811473277 -7.939773296511683 -7.683749084919419 -7.44043009509531 -7.211102550927979 -6.997142273814361 -6.800000000000001 -6.6211781428987395 -6.4621977685614045 -6.324555320336759 -6.20966987850401 -6.118823416311343 -6.053098380168623 -6.013318551349164 -6.0 
-22.314121089570165 -21.927152117865194 -21.54065922853802 -21.154668515483763 -20.769207977195475 -20.38430768998545 -20.0 -19.616319736382767 -19.233304448274094 -18.85099466871709 -18.469434208984314 -18.088670487352022 -17.708754896942924 -17.329743217947577 -16.951696080333672 -16.57467948408053 -16.19876538505327 -15.824032355881986 -15.450566332662374 -15.078461459976612 -14.707821048680188 -14.338758663147937 -13.971399357258385 -13.60588108135596 -13.242356285797479 -12.880993750483695 -12.521980673998824 -12.16552506059644 -11.81185844818672 -11.461239025515523 -11.113955191559844 -10.77032961426901 -10.43072384832424 -10.09554357129917 -9.765244492586962 -9.440338976964759 -9.121403400793104 -8.809086218218097 -8.50411665018772 -8.207313811473277 -7.919595949289333 -7.64198926981712 -7.37563556583431 -7.121797525905944 -6.881860213634102 -6.6573267908372955 -6.449806198638839 -6.260990336999412 -6.092618484691127 -5.946427498927402 -5.824087911424415 -5.727128425310542 -5.656854249492381 -5.61426753904728 -5.6000000000000005 
-22.217110523198105 -21.828421839427605 -21.440149253211835 -21.05231578710523 -20.664946164943185 -20.278066969018525 -19.89170681465017 -19.505896544378576 -19.120669444347392 -18.73606148580859 -18.352111595127138 -17.96886195617296 -17.586358349584486 -17.204650534085257 -16.823792675850473 -16.443843832875572 -16.064868502418562 -15.686937240902063 -15.310127367203712 -14.934523762075578 -14.560219778561038 -14.18731828077456 -13.815932831336434 -13.446189051177289 -13.078226179417454 -12.712198865656564 -12.348279232346506 -11.986659251017358 -11.627553482998907 -11.271202242884298 -10.917875251164945 -10.567875850898325 -10.22154587134451 -9.879271228182775 -9.54148835350125 -9.20869154657707 -8.881441324469808 -8.560373823613078 -8.246211251235321 -7.939773296511683 -7.64198926981712 -7.353910524340094 -7.076722405181653 -6.811754546370562 -6.560487786742691 -6.324555320336759 -6.105735008989499 -5.90592922409336 -5.727128425310542 -5.571355310873648 -5.440588203494178 -5.336665625650534 -5.261178575186363 -5.21536192416212 -5.2 
-22.126906697502932 -21.736605070709643 -21.346662502602136 -20.95709903588758 -20.567936211491908 -20.179197209007103 -19.790907002964772 -19.403092537015848 -19.01578291840754 -18.62900963551203 -18.24280680158621 -17.857211428439772 -17.472263734273245 -17.08800749063506 -16.70449041425688 -16.321764610482532 -15.93988707613702 -15.558920271021378 -15.178932768808222 -14.8 -14.422205101855958 -14.045639892863552 -13.67040599250805 -13.29661611087573 -12.924395537122809 -12.553883861180173 -12.185236969382254 -11.818629362155328 -11.454256850621084 -11.092339699089639 -10.733126291998992 -10.376897416858277 -10.023971268913336 -9.674709297958259 -9.329523031752482 -8.988882021697693 -8.653323061113575 -8.323460818673926 -8.0 -7.683749084919419 -7.37563556583431 -7.076722405181653 -6.788225099390856 -6.511528238439883 -6.248199740725323 -6.0 -5.768882040742383 -5.556977595779922 -5.366563145999496 -5.2 -5.059644256269408 -4.947726750741193 -4.866210024238576 -4.8166378315169185 -4.800000000000001 
-22.043593173527768 -21.651789764358973 -21.2602916254693 -20.86911593719293 -20.47828117787233 -20.08780724718355 -19.69771560359221 -19.308029417835474 -18.91877374461675 -18.529975715040752 -18.14166475271771 -17.75387281693772 -17.36663467687393 -16.9799882214329 -16.593974810153235 -16.208639671483848 -15.824032355881986 -15.440207252495027 -15.05722417977497 -14.675149062275313 -14.29405470816451 -13.91402170474087 -13.535139452550906 -13.157507362718821 -12.781236246936366 -12.40644993541666 -12.033287165193059 -11.661903789690601 -11.292475370794484 -10.92520022699813 -10.56030302595527 -10.19803902718557 -9.838699100999076 -9.482615672903759 -9.130169768410662 -8.78179936004006 -8.438009243891596 -8.099382692526635 -7.76659513557904 -7.44043009509531 -7.121797525905944 -6.811754546370562 -6.511528238439883 -6.222539674441618 -5.946427498927402 -5.685068161420759 -5.440588203494178 -5.21536192416212 -5.011985634456668 -4.833218389437829 -4.681879964287851 -4.560701700396552 -4.47213595499958 -4.418144406874904 -4.4 
-21.96724834839357 -21.574058496258882 -21.181123671797963 -20.788458336298053 -20.39607805437114 -20.00399960007998 -19.612241075410022 -19.220822042774344 -18.829763673503713 -18.439088914585778 -18.048822676285564 -17.658992043715294 -17.269626515938324 -16.880758276807352 -16.492422502470642 -16.104657711357916 -15.7175061635108 -15.33101431738944 -14.945233353815524 -14.560219778561038 -14.17603611733548 -13.792751719653333 -13.41044369139217 -13.029197979921864 -12.649110640673518 -12.270289320142375 -11.892854997854805 -11.516944039110376 -11.142710621747296 -10.77032961426901 -10.4 -10.031948963187563 -9.666436778875658 -9.303762679690406 -8.94427190999916 -8.588364221433556 -8.236504112789602 -7.889233169326409 -7.547184905645283 -7.211102550927979 -6.881860213634102 -6.560487786742691 -6.248199740725323 -5.946427498927402 -5.656854249492381 -5.3814496188294845 -5.122499389946279 -4.882622246293481 -4.664761515876241 -4.47213595499958 -4.308131845707603 -4.17612260356422 -4.079215610874228 -4.019950248448356 -4.0 
-21.897945109073593 -21.50348808914498 -21.10923968313402 -20.715211801958485 -20.321417273408862 -19.92786993132984 -19.53458471531965 -19.14157778240864 -18.748866632412746 -18.356470248934027 -17.964409258308496 -17.57270610919104 -17.181385275931625 -16.790473489452285 -16.400000000000002 -16.0099968769516 -15.620499351813308 -15.231546211727817 -14.84318025222358 -14.455448799674123 -14.06840431605518 -13.682105101189658 -13.29661611087573 -12.91200991325518 -12.52836781069266 -12.14578116055118 -11.764352935882194 -11.384199576606166 -11.005453193758084 -10.62826420446914 -10.252804494381039 -9.879271228182775 -9.50789145920377 -9.138927727036691 -8.772684879784524 -8.409518416651457 -8.049844718999244 -7.694153624668537 -7.3430239002743285 -6.997142273814361 -6.6573267908372955 -6.324555320336759 -6.0 -5.685068161420759 -5.3814496188294845 -5.091168824543143 -4.8166378315169185 -4.560701700396552 -4.3266615305567875 -4.118252056394801 -3.939543120718442 -3.7947331922020555 -3.687817782917155 -3.622154055254967 -3.6 
-21.83575050232989 -21.440149253211835 -21.04471430074545 -20.649455198624494 -20.25438224187546 -19.85950653969026 -19.464840096954305 -19.070395905696348 -18.676188047886004 -18.282231811242305 -17.88854381999832 -17.495142182903233 -17.10204666114556 -16.70927885936434 -16.316862443496913 -15.924823389915506 -15.53319027115808 -15.14199458459816 -14.75127113166862 -14.361058456812993 -13.971399357258385 -13.582341477079718 -13.193938001976514 -12.806248474865697 -12.41933975700802 -12.033287165193059 -11.64817582284883 -11.26410227226298 -10.881176406988356 -10.49952379872535 -10.119288512538816 -9.740636529508738 -9.363759928575702 -8.988882021697693 -8.616263691415206 -8.246211251235321 -7.879086241436884 -7.515317691222375 -7.155417527999328 -6.800000000000001 -6.449806198638839 -6.105735008989499 -5.768882040742383 -5.440588203494178 -5.122499389946279 -4.8166378315169185 -4.525483399593905 -4.25205832509386 -4.0 -3.7735924528226414 -3.577708763999664 -3.4176014981270124 -3.2984845004941286 -3.2249030993194197 -3.2 
-21.780725424099174 -21.384106247397856 -20.98761539575185 -20.591260281974 -20.195048898182943 -19.798989873223334 -19.403092537015848 -19.007366992826757 -18.611824198610947 -18.216476058777122 -17.82133552795637 -17.426416728633573 -17.031735084835017 -16.63730747446834 -16.243152403397563 -15.849290204927161 -15.455743269089325 -15.062536307010186 -14.6696966567138 -14.2772546380598 -13.885243966167828 -13.4937022347464 -13.10267148332736 -12.712198865656564 -12.32233744059949 -11.93314711214104 -11.54469575172945 -11.157060544785082 -10.77032961426901 -10.384603988597737 -10.0 -9.616652224137047 -9.234717104492157 -8.854377448471462 -8.475848040166836 -8.099382692526635 -7.725283166331187 -7.353910524340094 -6.985699678629192 -6.6211781428987395 -6.260990336999412 -5.90592922409336 -5.556977595779922 -5.21536192416212 -4.882622246293481 -4.560701700396552 -4.25205832509386 -3.9597979746446663 -3.687817782917155 -3.440930106817051 -3.2249030993194197 -3.0463092423455636 -2.9120439557122073 -2.8284271247461903 -2.8000000000000003 
-21.7329243315298 -21.33541656495134 -20.938003725283842 -20.54069132234843 -20.143485299222675 -19.746392075515974 -19.349418595916518 -18.952572384771415 -18.555861607589122 -18.15929514050587 -17.762882648939616 -17.36663467687393 -16.970562748477143 -16.57467948408053 -16.178998732925347 -15.783535725559089 -15.388307249337075 -14.993331851193052 -14.598630072715729 -14.204224723651762 -13.810141201305655 -13.416407864998739 -13.023056476879766 -12.630122723077555 -12.237646832622685 -11.84567431596868 -11.454256850621084 -11.063453348751466 -10.673331251301068 -10.283968105745954 -9.895453501482386 -9.50789145920377 -9.121403400793104 -8.736131867136622 -8.35224520712844 -7.96994353806851 -7.589466384404111 -7.211102550927979 -6.835202996254025 -6.4621977685614045 -6.092618484691127 -5.727128425310542 -5.366563145999496 -5.011985634456668 -4.664761515876241 -4.3266615305567875 -4.0 -3.687817782917155 -3.394112549695428 -3.1240998703626617 -2.8844410203711917 -2.683281572999748 -2.529822128134704 -2.433105012119288 -2.4000000000000004 
-21.69239498073 -21.294130646729865 -20.895932618574363 -20.497804760510334 -20.09975124224178 -19.701776569639605 -19.303885619221848 -18.90608367695436 -18.50837648201484 -18.110770276274835 -17.713271860387625 -17.31588865753069 -16.918628786045282 -16.521501142450706 -16.1245154965971 -15.72768260107 -15.33101431738944 -14.934523762075578 -14.538225476308998 -14.142135623730951 -13.746272221951665 -13.35065541462291 -12.955307792561317 -12.560254774486067 -12.16552506059644 -11.77115117564973 -11.377170122662314 -10.983624174196786 -10.590561835898981 -10.19803902718557 -9.806120537705011 -9.414881836751857 -9.024411338142782 -8.634813257969162 -8.246211251235321 -7.8587530817554 -7.472616676907762 -7.08801805866774 -6.705221845696085 -6.324555320336759 -5.946427498927402 -5.571355310873648 -5.2 -4.833218389437829 -4.47213595499958 -4.118252056394801 -3.7735924528226414 -3.440930106817051 -3.1240998703626617 -2.8284271247461903 -2.5612496949731396 -2.3323807579381204 -2.1540659228538015 -2.039607805437114 -2.0 
-21.659178193089417 -21.2602916254693 -20.86144769664848 -20.462648899885863 -20.063897926375127 -19.66519768525097 -19.266551326067674 -18.86796226411321 -18.469434208984314 -18.07097119692243 -17.672577627499617 -17.27425830535135 -16.876018487783192 -16.477863939236784 -16.079800993793423 -15.681836627130128 -15.28397853963424 -14.886235252742717 -14.488616221019868 -14.091131963046829 -13.693794214898952 -13.29661611087573 -12.899612397277679 -12.502799686470228 -12.106196760337246 -11.709824934643558 -11.313708498984761 -10.917875251164945 -10.522357150372725 -10.12719112093773 -9.732420048477152 -9.338094023943002 -8.94427190999916 -8.55102333057278 -8.158431221748456 -7.76659513557904 -7.37563556583431 -6.985699678629192 -6.596969000988257 -6.20966987850401 -5.824087911424415 -5.440588203494178 -5.059644256269408 -4.681879964287851 -4.308131845707603 -3.939543120718442 -3.577708763999664 -3.2249030993194197 -2.8844410203711917 -2.5612496949731396 -2.2627416997969525 -2.0 -1.788854381999832 -1.6492422502470643 -1.6 
-21.633307652783937 -21.233935103979196 -20.83458662896867 -20.43526363911168 -20.03596765818911 -19.636700333813724 -19.23746345025768 -18.838258942906588 -18.439088914585778 -18.03995565404749 -17.640861656959956 -17.241809649801848 -16.84280261714184 -16.443843832875572 -16.044936896105266 -15.646085772486357 -15.247294842036736 -14.848568954616468 -14.449913494550755 -14.051334456200237 -13.65283853270081 -13.254433220624714 -12.856126943990558 -12.457929201917949 -12.059850745345068 -11.661903789690601 -11.26410227226298 -10.8664621657649 -10.469001862641921 -10.071742649611338 -9.674709297958259 -9.277930803794561 -8.881441324469808 -8.485281374238571 -8.089499366462674 -7.694153624668537 -7.299315036357864 -6.905070600652827 -6.511528238439883 -6.118823416311343 -5.727128425310542 -5.336665625650534 -4.947726750741193 -4.560701700396552 -4.17612260356422 -3.7947331922020555 -3.4176014981270124 -3.0463092423455636 -2.683281572999748 -2.3323807579381204 -2.0 -1.697056274847714 -1.4422205101855958 -1.264911064067352 -1.2000000000000002 
-21.614809737770074 -21.21508896988179 -20.8153789300123 -20.415680248279756 -20.015993605114886 -19.616319736382767 -19.2166594391429 -18.81701357814252 -18.41738309315414 -18.017769007288333 -17.618172436436193 -17.21859460002471 -16.819036833302913 -16.419500601419035 -16.01998751560063 -15.620499351813308 -15.221038072352357 -14.821605850919125 -14.422205101855958 -14.022838514366484 -13.623509092741124 -13.224220203853234 -12.824975633505119 -12.425779653607254 -12.026637102698327 -11.627553482998907 -11.22853507809456 -10.829589096544709 -10.43072384832424 -10.031948963187563 -9.633275663033837 -9.234717104492157 -8.836288813749809 -8.438009243891596 -8.039900496896712 -7.64198926981712 -7.244308110509934 -6.846897107449476 -6.449806198638839 -6.053098380168623 -5.656854249492381 -5.261178575186363 -4.866210024238576 -4.47213595499958 -4.079215610874228 -3.687817782917155 -3.2984845004941286 -2.9120439557122073 -2.529822128134704 -2.1540659228538015 -1.788854381999832 -1.4422205101855958 -1.1313708498984762 -0.894427190999916 -0.8 
-21.603703386225245 -21.203773249117717 -20.80384579831335 -20.403921191770962 -20.00399960007998 -19.604081207748553 -19.20416621465249 -18.804254837669056 -18.404347312523747 -18.00444389588304 -17.60454486773231 -17.204650534085257 -16.804761230080004 -16.404877323527902 -16.004999218994044 -15.605127362504929 -15.20526224699857 -14.805404418657398 -14.405554484295287 -14.005713120009279 -13.60588108135596 -13.206059215375342 -12.806248474865697 -12.40644993541666 -12.006664815842909 -11.606894502837527 -11.207140580897521 -10.807404868885037 -10.40768946500615 -10.007996802557443 -9.60832971957145 -9.20869154657707 -8.809086218218097 -8.409518416651457 -8.009993757800315 -7.6105190361761785 -7.211102550927979 -6.811754546370562 -6.412487816752559 -6.013318551349164 -5.61426753904728 -5.21536192416212 -4.8166378315169185 -4.418144406874904 -4.019950248448356 -3.622154055254967 -3.2249030993194197 -2.8284271247461903 -2.433105012119288 -2.039607805437114 -1.6492422502470643 -1.264911064067352 -0.894427190999916 -0.5656854249492381 -0.4 
-21.6 -21.200000000000003 -20.8 -20.400000000000002 -20.0 -19.6 -19.200000000000003 -18.8 -18.400000000000002 -18.0 -17.6 -17.2 -16.8 -16.400000000000002 -16.0 -15.600000000000001 -15.200000000000001 -14.8 -14.4 -14.0 -13.600000000000001 -13.200000000000001 -12.8 -12.4 -12.0 -11.600000000000001 -11.200000000000001 -10.8 -10.4 -10.0 -9.600000000000001 -9.200000000000001 -8.8 -8.4 -8.0 -7.6000000000000005 -7.2 -6.800000000000001 -6.4 -6.0 -5.6000000000000005 -5.2 -4.800000000000001 -4.4 -4.0 -3.6 -3.2 -2.8000000000000003 -2.4000000000000004 -2.0 -1.6 -1.2000000000000002 -0.8 -0.4 -0.0 
</distanceMap>
    <events>
        <personID>1</personID>
        <positionX>0</positionX>
        <positionY>0</positionY>
        <time>0</time>
        <type>pawn</type>
    </events>
    <events>
        <personID>1</personID>
        <positionX>1</positionX>
        <positionY>1</positionY>
        <time>0</time>
        <type>move</type>
    </events>
    <events>
        <personID>1</personID>
        <positionX>2</positionX>
        <positionY>2</positionY>
        <time>0.46464261875419666</time>
        <type>move</type>
    </events>
    <events>
        <personID>1</personID>
        <positionX>3</positionX>
        <positionY>3</positionY>
        <time>0.92928523750839332</time>
        <type>move</type>
    </events>
    <events>
        <personID>1</personID>
        <positionX>4</positionX>
        <positionY>4</positionY>
        <time>1.39392785626258998</time>
        <type>move</type>
    </events>
    <events>
        <personID>1</personID>
        <positionX>5</positionX>
        <positionY>5</positionY>
        <time>1.85857047501678664</time>
        <type>move</type>
    </events>
    <events>
        <personID>1</personID>
        <positionX>6</positionX>
        <positionY>6</positionY>
        <time>2.32321309377098330</time>
        <type>move</type>
    </events>
    <events>
        <personID>1</personID>
        <positionX>7</positionX>
        <positionY>7</positionY>
        <time>2.78785571252517996</time>
        <type>move</type>
    </events>
    <events>
        <personID>1</personID>
        <positionX>8</positionX>
        <positionY>8</positionY>
        <time>3.25249833127937662</time>
        <type>move</type>
    </events>
    <events>
        <personID>1</personID>
        <positionX>9</positionX>
        <positionY>9</positionY>
        <time>3.71714095003357328</time>
        <type>move</type>
    </events>
    <events>
        <personID>1</personID>
        <positionX>10</positionX>
        <positionY>10</positionY>
        <time>4.18178356878776994</time>
        <type>move</type>
    </events>
    <events>
        <personID>1</personID>
        <positionX>11</positionX>
        <positionY>11</positionY>
        <time>4.64642618754196660</time>
        <type>move</type>
    </events>
    <events>
        <personID>1</personID>
        <positionX>12</positionX>
        <positionY>12</positionY>
        <time>5.11106880629616326</time>
        <type>move</type>
    </events>
    <events>
        <personID>1</personID>
        <positionX>13</positionX>
        <positionY>13</positionY>
        <time>5.57571142505035992</time>
        <type>move</type>
    </events>
    <events>
        <personID>1</personID>
        <positionX>14</positionX>
        <positionY>14</positionY>
        <time>6.04035404380455658</time>
        <type>move</type>
    </events>
    <events>
        <personID>1</personID>
        <positionX>15</positionX>
        <positionY>15</positionY>
        <time>6.50499666255875324</time>
        <type>move</type>
    </events>
    <events>
        <personID>1</personID>
        <positionX>16</positionX>
        <positionY>16</positionY>
        <time>6.96963928131294990</time>
        <type>move</type>
    </events>
    <events>
        <personID>1</personID>
        <positionX>17</positionX>
        <positionY>17</positionY>
        <time>7.43428190006714656</time>
        <type>move</type>
    </events>
    <events>
        <personID>1</personID>
        <positionX>18</positionX>
        <positionY>18</positionY>
        <time>7.89892451882134322</time>
        <type>move</type>
    </events>
    <events>
        <personID>1</personID>
        <positionX>19</positionX>
        <positionY>19</positionY>
        <time>8.36356713757553988</time>
        <type>move</type>
    </events>
    <events>
        <personID>1</personID>
        <positionX>20</positionX>
        <positionY>20</positionY>
        <time>8.82820975632973654</time>
        <type>move</type>
    </events>
    <events>
        <personID>1</personID>
        <positionX>21</positionX>
        <positionY>21</positionY>
        <time>9.29285237508393320</time>
        <type>move</type>
    </events>
    <events>
        <personID>1</personID>
        <positionX>22</positionX>
        <positionY>22</positionY>
        <time>9.75749499383812986</time>
        <type>move</type>
    </events>
    <events>
        <personID>1</personID>
        <positionX>23</positionX>
        <positionY>23</positionY>
