<?xml version="1.0" encoding="UTF-8" standalone="yes"?>
<output>
    <algorithm>eDijkstra</algorithm>
    <cellsize>25.0cm</cellsize>
    <deviation>0.11686</deviation>
    <distanceMap>-19.798989873223313 -19.695436482630036 -19.591883092036763 -19.48832970144349 -19.384776310850217 -19.28122292025694 -19.177669529663667 -19.074116139070394 -18.97056274847712 -18.86700935788385 -18.763455967290575 -18.659902576697302 -18.556349186104026 -18.452795795510752 -18.34924240491748 -18.245689014324206 -18.142135623730933 -18.03858223313766 -17.935028842544384 -17.83147545195111 -17.727922061357837 -17.624368670764564 -17.52081528017129 -17.417261889578015 -17.31370849898474 -17.21015510839147 -17.106601717798195 -17.003048327204922 -16.899494936611646 -16.795941546018373 -16.6923881554251 -16.588834764831827 -16.485281374238554 -16.38172798364528 -16.278174593052007 -16.174621202458734 -16.07106781186546 -15.967514421272188 -15.863961030678915 -15.760407640085642 -15.656854249492369 -15.553300858899096 -15.449747468305823 -15.34619407771255 -15.242640687119277 -15.139087296526004 -15.03553390593273 -14.931980515339458 -14.828427124746185 -14.724873734152911 -14.621320343559638 -14.517766952966365 -14.414213562373092 -14.31066017177982 -14.207106781186546 -14.103553390593273 -14.0 
-19.695436482630036 -19.44543648263004 -19.341883092036763 -19.23832970144349 -19.134776310850217 -19.031222920256944 -18.927669529663667 -18.824116139070394 -18.72056274847712 -18.61700935788385 -18.513455967290575 -18.409902576697302 -18.30634918610403 -18.202795795510752 -18.09924240491748 -17.995689014324206 -17.892135623730933 -17.78858223313766 -17.685028842544387 -17.58147545195111 -17.477922061357837 -17.374368670764564 -17.27081528017129 -17.16726188957802 -17.06370849898474 -16.96015510839147 -16.856601717798195 -16.753048327204922 -16.64949493661165 -16.545941546018373 -16.4423881554251 -16.33883476483183 -16.235281374238554 -16.13172798364528 -16.028174593052007 -15.924621202458734 -15.821067811865461 -15.717514421272188 -15.613961030678915 -15.510407640085642 -15.406854249492369 -15.303300858899096 -15.199747468305823 -15.09619407771255 -14.992640687119277 -14.889087296526004 -14.78553390593273 -14.681980515339458 -14.578427124746185 -14.474873734152911 -14.371320343559638 -14.267766952966365 -14.164213562373092 -14.06066017177982 -13.957106781186546 -13.853553390593273 -13.75 
-19.591883092036763 -19.341883092036763 -19.091883092036767 -18.98832970144349 -18.884776310850217 -18.781222920256944 -18.67766952966367 -18.574116139070394 -18.47056274847712 -18.36700935788385 -18.263455967290575 -18.159902576697302 -18.05634918610403 -17.952795795510756 -17.84924240491748 -17.745689014324206 -17.642135623730933 -17.53858223313766 -17.435028842544387 -17.331475451951114 -17.227922061357837 -17.124368670764564 -17.02081528017129 -16.91726188957802 -16.813708498984745 -16.71015510839147 -16.606601717798195 -16.503048327204922 -16.39949493661165 -16.295941546018376 -16.1923881554251 -16.08883476483183 -15.985281374238555 -15.88172798364528 -15.778174593052007 -15.674621202458734 -15.571067811865461 -15.467514421272188 -15.363961030678915 -15.260407640085642 -15.156854249492369 -15.053300858899096 -14.949747468305823 -14.84619407771255 -14.742640687119277 -14.639087296526004 -14.53553390593273 -14.431980515339458 -14.328427124746185 -14.224873734152911 -14.121320343559638 -14.017766952966365 -13.914213562373092 -13.81066017177982 -13.707106781186546 -13.603553390593273 -13.5 
-19.48832970144349 -19.23832970144349 -18.98832970144349 -18.738329701443494 -18.634776310850217 -18.531222920256944 -18.42766952966367 -18.324116139070398 -18.22056274847712 -18.11700935788385 -18.013455967290575 -17.909902576697302 -17.80634918610403 -17.702795795510756 -17.599242404917483 -17.495689014324206 -17.392135623730933 -17.28858223313766 -17.185028842544387 -17.081475451951114 -16.97792206135784 -16.874368670764564 -16.77081528017129 -16.66726188957802 -16.563708498984745 -16.460155108391472 -16.356601717798195 -16.253048327204922 -16.14949493661165 -16.045941546018376 -15.942388155425101 -15.838834764831828 -15.735281374238555 -15.631727983645282 -15.528174593052007 -15.424621202458734 -15.321067811865461 -15.217514421272188 -15.113961030678915 -15.010407640085642 -14.906854249492369 -14.803300858899096 -14.699747468305823 -14.59619407771255 -14.492640687119277 -14.389087296526004 -14.28553390593273 -14.181980515339458 -14.078427124746185 -13.974873734152911 -13.871320343559638 -13.767766952966365 -13.664213562373092 -13.56066017177982 -13.457106781186546 -13.353553390593273 -13.25 
-19.384776310850217 -19.134776310850217 -18.884776310850217 -18.634776310850217 -18.38477631085022 -18.281222920256944 -18.17766952966367 -18.074116139070398 -17.970562748477125 -17.86700935788385 -17.763455967290575 -17.659902576697302 -17.55634918610403 -17.452795795510756 -17.349242404917483 -17.24568901432421 -17.142135623730933 -17.03858223313766 -16.935028842544387 -16.831475451951114 -16.72792206135784 -16.624368670764568 -16.52081528017129 -16.41726188957802 -16.313708498984745 -16.210155108391472 -16.1066017177982 -16.003048327204922 -15.89949493661165 -15.795941546018376 -15.692388155425103 -15.588834764831828 -15.485281374238555 -15.381727983645282 -15.27817459305201 -15.174621202458734 -15.071067811865461 -14.967514421272188 -14.863961030678915 -14.760407640085642 -14.656854249492369 -14.553300858899096 -14.449747468305823 -14.34619407771255 -14.242640687119277 -14.139087296526004 -14.03553390593273 -13.931980515339458 -13.828427124746185 -13.724873734152911 -13.621320343559638 -13.517766952966365 -13.414213562373092 -13.31066017177982 -13.207106781186546 -13.103553390593273 -13.0 
-19.28122292025694 -19.031222920256944 -18.781222920256944 -18.531222920256944 -18.281222920256944 -18.031222920256948 -17.92766952966367 -17.824116139070398 -17.720562748477125 -17.617009357883852 -17.513455967290575 -17.409902576697302 -17.30634918610403 -17.202795795510756 -17.099242404917483 -16.99568901432421 -16.892135623730937 -16.78858223313766 -16.685028842544387 -16.581475451951114 -16.47792206135784 -16.374368670764568 -16.270815280171295 -16.16726188957802 -16.063708498984745 -15.960155108391472 -15.856601717798197 -15.753048327204924 -15.649494936611651 -15.545941546018376 -15.442388155425103 -15.33883476483183 -15.235281374238555 -15.131727983645282 -15.02817459305201 -14.924621202458736 -14.821067811865461 -14.717514421272188 -14.613961030678915 -14.510407640085642 -14.406854249492369 -14.303300858899096 -14.199747468305823 -14.09619407771255 -13.992640687119277 -13.889087296526004 -13.78553390593273 -13.681980515339458 -13.578427124746185 -13.474873734152911 -13.371320343559638 -13.267766952966365 -13.164213562373092 -13.06066017177982 -12.957106781186546 -12.853553390593273 -12.75 
-19.177669529663667 -18.927669529663667 -18.67766952966367 -18.42766952966367 -18.17766952966367 -17.92766952966367 -17.677669529663675 -17.574116139070398 -17.470562748477125 -17.367009357883852 -17.26345596729058 -17.159902576697302 -17.05634918610403 -16.952795795510756 -16.849242404917483 -16.74568901432421 -16.642135623730937 -16.538582233137664 -16.435028842544387 -16.331475451951114 -16.22792206135784 -16.124368670764568 -16.020815280171295 -15.91726188957802 -15.813708498984745 -15.710155108391472 -15.606601717798199 -15.503048327204924 -15.399494936611651 -15.295941546018378 -15.192388155425103 -15.08883476483183 -14.985281374238557 -14.881727983645282 -14.77817459305201 -14.674621202458736 -14.571067811865463 -14.467514421272188 -14.363961030678915 -14.260407640085642 -14.156854249492369 -14.053300858899096 -13.949747468305823 -13.84619407771255 -13.742640687119277 -13.639087296526004 -13.53553390593273 -13.431980515339458 -13.328427124746185 -13.224873734152911 -13.121320343559638 -13.017766952966365 -12.914213562373092 -12.81066017177982 -12.707106781186546 -12.603553390593273 -12.5 
-19.074116139070394 -18.824116139070394 -18.574116139070394 -18.324116139070398 -18.074116139070398 -17.824116139070398 -17.574116139070398 -17.3241161390704 -17.220562748477125 -17.117009357883852 -17.01345596729058 -16.909902576697306 -16.80634918610403 -16.702795795510756 -16.599242404917483 -16.49568901432421 -16.392135623730937 -16.288582233137664 -16.18502884254439 -16.081475451951114 -15.977922061357841 -15.874368670764568 -15.770815280171295 -15.66726188957802 -15.563708498984747 -15.460155108391472 -15.356601717798199 -15.253048327204926 -15.149494936611651 -15.045941546018378 -14.942388155425105 -14.83883476483183 -14.735281374238557 -14.631727983645284 -14.52817459305201 -14.424621202458736 -14.321067811865463 -14.21751442127219 -14.113961030678915 -14.010407640085642 -13.906854249492369 -13.803300858899096 -13.699747468305823 -13.59619407771255 -13.492640687119277 -13.389087296526004 -13.28553390593273 -13.181980515339458 -13.078427124746185 -12.974873734152911 -12.871320343559638 -12.767766952966365 -12.664213562373092 -12.56066017177982 -12.457106781186546 -12.353553390593273 -12.25 
-18.97056274847712 -18.72056274847712 -18.47056274847712 -18.22056274847712 -17.970562748477125 -17.720562748477125 -17.470562748477125 -17.220562748477125 -16.97056274847713 -16.867009357883852 -16.76345596729058 -16.659902576697306 -16.556349186104033 -16.452795795510756 -16.349242404917483 -16.24568901432421 -16.142135623730937 -16.038582233137664 -15.935028842544389 -15.831475451951116 -15.727922061357843 -15.624368670764568 -15.520815280171295 -15.417261889578022 -15.313708498984747 -15.210155108391474 -15.106601717798199 -15.003048327204926 -14.899494936611653 -14.795941546018378 -14.692388155425105 -14.588834764831832 -14.485281374238557 -14.381727983645284 -14.278174593052011 -14.174621202458736 -14.071067811865463 -13.96751442127219 -13.863961030678917 -13.760407640085642 -13.656854249492369 -13.553300858899096 -13.449747468305823 -13.34619407771255 -13.242640687119277 -13.139087296526004 -13.03553390593273 -12.931980515339458 -12.828427124746185 -12.724873734152911 -12.621320343559638 -12.517766952966365 -12.414213562373092 -12.31066017177982 -12.207106781186546 -12.103553390593273 -12.0 
-18.86700935788385 -18.61700935788385 -18.36700935788385 -18.11700935788385 -17.86700935788385 -17.617009357883852 -17.367009357883852 -17.117009357883852 -16.867009357883852 -16.617009357883855 -16.51345596729058 -16.409902576697306 -16.306349186104033 -16.20279579551076 -16.099242404917483 -15.995689014324212 -15.892135623730937 -15.788582233137664 -15.68502884254439 -15.581475451951116 -15.477922061357843 -15.37436867076457 -15.270815280171295 -15.167261889578022 -15.063708498984749 -14.960155108391474 -14.8566017177982 -14.753048327204926 -14.649494936611653 -14.54594154601838 -14.442388155425105 -14.338834764831832 -14.235281374238559 -14.131727983645284 -14.028174593052011 -13.924621202458738 -13.821067811865463 -13.71751442127219 -13.613961030678917 -13.510407640085644 -13.406854249492369 -13.303300858899096 -13.199747468305823 -13.09619407771255 -12.992640687119277 -12.889087296526004 -12.78553390593273 -12.681980515339458 -12.578427124746185 -12.474873734152911 -12.371320343559638 -12.267766952966365 -12.164213562373092 -12.06066017177982 -11.957106781186546 -11.853553390593273 -11.75 
-18.763455967290575 -18.513455967290575 -18.263455967290575 -18.013455967290575 -17.763455967290575 -17.513455967290575 -17.26345596729058 -17.01345596729058 -16.76345596729058 -16.51345596729058 -16.263455967290582 -16.159902576697306 -16.056349186104033 -15.95279579551076 -15.849242404917485 -15.745689014324212 -15.642135623730939 -15.538582233137664 -15.43502884254439 -15.331475451951118 -15.227922061357843 -15.12436867076457 -15.020815280171297 -14.917261889578022 -14.813708498984749 -14.710155108391476 -14.6066017177982 -14.503048327204928 -14.399494936611653 -14.29594154601838 -14.192388155425107 -14.088834764831832 -13.985281374238559 -13.881727983645286 -13.778174593052011 -13.674621202458738 -13.571067811865465 -13.46751442127219 -13.363961030678917 -13.260407640085644 -13.15685424949237 -13.053300858899096 -12.949747468305823 -12.84619407771255 -12.742640687119277 -12.639087296526004 -12.53553390593273 -12.431980515339458 -12.328427124746185 -12.224873734152911 -12.121320343559638 -12.017766952966365 -11.914213562373092 -11.81066017177982 -11.707106781186546 -11.603553390593273 -11.5 
-18.659902576697302 -18.409902576697302 -18.159902576697302 -17.909902576697302 -17.659902576697302 -17.409902576697302 -17.159902576697302 -16.909902576697306 -16.659902576697306 -16.409902576697306 -16.159902576697306 -15.909902576697307 -15.806349186104033 -15.70279579551076 -15.599242404917486 -15.495689014324212 -15.392135623730939 -15.288582233137666 -15.18502884254439 -15.081475451951118 -14.977922061357845 -14.87436867076457 -14.770815280171297 -14.667261889578024 -14.563708498984749 -14.460155108391476 -14.356601717798203 -14.253048327204928 -14.149494936611655 -14.04594154601838 -13.942388155425107 -13.838834764831834 -13.735281374238559 -13.631727983645286 -13.528174593052013 -13.424621202458738 -13.321067811865465 -13.217514421272192 -13.113961030678917 -13.010407640085644 -12.90685424949237 -12.803300858899098 -12.699747468305823 -12.59619407771255 -12.492640687119277 -12.389087296526004 -12.28553390593273 -12.181980515339458 -12.078427124746185 -11.974873734152911 -11.871320343559638 -11.767766952966365 -11.664213562373092 -11.56066017177982 -11.457106781186546 -11.353553390593273 -11.25 
-18.556349186104026 -18.30634918610403 -18.05634918610403 -17.80634918610403 -17.55634918610403 -17.30634918610403 -17.05634918610403 -16.80634918610403 -16.556349186104033 -16.306349186104033 -16.056349186104033 -15.806349186104033 -15.556349186104034 -15.45279579551076 -15.349242404917486 -15.245689014324213 -15.142135623730939 -15.038582233137666 -14.935028842544392 -14.831475451951118 -14.727922061357845 -14.624368670764571 -14.520815280171297 -14.417261889578024 -14.31370849898475 -14.210155108391476 -14.106601717798203 -14.00304832720493 -13.899494936611655 -13.795941546018382 -13.692388155425107 -13.588834764831834 -13.48528137423856 -13.381727983645286 -13.278174593052013 -13.17462120245874 -13.071067811865465 -12.967514421272192 -12.863961030678919 -12.760407640085644 -12.65685424949237 -12.553300858899098 -12.449747468305825 -12.34619407771255 -12.242640687119277 -12.139087296526004 -12.03553390593273 -11.931980515339458 -11.828427124746185 -11.724873734152911 -11.621320343559638 -11.517766952966365 -11.414213562373092 -11.31066017177982 -11.207106781186546 -11.103553390593273 -11.0 
-18.452795795510752 -18.202795795510752 -17.952795795510756 -17.702795795510756 -17.452795795510756 -17.202795795510756 -16.952795795510756 -16.702795795510756 -16.452795795510756 -16.20279579551076 -15.95279579551076 -15.70279579551076 -15.45279579551076 -15.202795795510761 -15.099242404917486 -14.995689014324213 -14.89213562373094 -14.788582233137666 -14.685028842544392 -14.58147545195112 -14.477922061357845 -14.374368670764571 -14.270815280171298 -14.167261889578024 -14.06370849898475 -13.960155108391477 -13.856601717798203 -13.75304832720493 -13.649494936611656 -13.545941546018382 -13.442388155425109 -13.338834764831834 -13.23528137423856 -13.131727983645288 -13.028174593052013 -12.92462120245874 -12.821067811865467 -12.717514421272192 -12.613961030678919 -12.510407640085646 -12.40685424949237 -12.303300858899098 -12.199747468305825 -12.096194077712552 -11.992640687119277 -11.889087296526004 -11.78553390593273 -11.681980515339458 -11.578427124746185 -11.474873734152911 -11.371320343559638 -11.267766952966365 -11.164213562373092 -11.06066017177982 -10.957106781186546 -10.853553390593273 -10.75 
-18.34924240491748 -18.09924240491748 -17.84924240491748 -17.599242404917483 -17.349242404917483 -17.099242404917483 -16.849242404917483 -16.599242404917483 -16.349242404917483 -16.099242404917483 -15.849242404917485 -15.599242404917486 -15.349242404917486 -15.099242404917486 -14.849242404917488 -14.745689014324213 -14.64213562373094 -14.538582233137667 -14.435028842544392 -14.33147545195112 -14.227922061357846 -14.124368670764571 -14.020815280171298 -13.917261889578025 -13.81370849898475 -13.710155108391477 -13.606601717798204 -13.50304832720493 -13.399494936611656 -13.295941546018383 -13.192388155425109 -13.088834764831835 -12.98528137423856 -12.881727983645288 -12.778174593052015 -12.67462120245874 -12.571067811865467 -12.467514421272194 -12.363961030678919 -12.260407640085646 -12.156854249492373 -12.053300858899098 -11.949747468305825 -11.846194077712552 -11.742640687119279 -11.639087296526004 -11.53553390593273 -11.431980515339458 -11.328427124746185 -11.224873734152911 -11.121320343559638 -11.017766952966365 -10.914213562373092 -10.81066017177982 -10.707106781186546 -10.603553390593273 -10.5 
-18.245689014324206 -17.995689014324206 -17.745689014324206 -17.495689014324206 -17.24568901432421 -16.99568901432421 -16.74568901432421 -16.49568901432421 -16.24568901432421 -15.995689014324212 -15.745689014324212 -15.495689014324212 -15.245689014324213 -14.995689014324213 -14.745689014324213 -14.495689014324215 -14.39213562373094 -14.288582233137667 -14.185028842544394 -14.08147545195112 -13.977922061357846 -13.874368670764573 -13.770815280171298 -13.667261889578025 -13.563708498984752 -13.460155108391477 -13.356601717798204 -13.253048327204931 -13.149494936611656 -13.045941546018383 -12.94238815542511 -12.838834764831835 -12.735281374238562 -12.631727983645288 -12.528174593052015 -12.424621202458741 -12.321067811865467 -12.217514421272194 -12.11396103067892 -12.010407640085646 -11.906854249492373 -11.8033008588991 -11.699747468305825 -11.596194077712552 -11.492640687119279 -11.389087296526005 -11.28553390593273 -11.181980515339458 -11.078427124746185 -10.974873734152911 -10.871320343559638 -10.767766952966365 -10.664213562373092 -10.56066017177982 -10.457106781186546 -10.353553390593273 -10.25 
-18.142135623730933 -17.892135623730933 -17.642135623730933 -17.392135623730933 -17.142135623730933 -16.892135623730937 -16.642135623730937 -16.392135623730937 -16.142135623730937 -15.892135623730937 -15.642135623730939 -15.392135623730939 -15.142135623730939 -14.89213562373094 -14.64213562373094 -14.39213562373094 -14.142135623730942 -14.038582233137667 -13.935028842544394 -13.831475451951121 -13.727922061357846 -13.624368670764573 -13.5208152801713 -13.417261889578025 -13.313708498984752 -13.21015510839148 -13.106601717798204 -13.003048327204931 -12.899494936611658 -12.795941546018383 -12.69238815542511 -12.588834764831837 -12.485281374238562 -12.38172798364529 -12.278174593052015 -12.174621202458741 -12.071067811865468 -11.967514421272194 -11.86396103067892 -11.760407640085647 -11.656854249492373 -11.5533008588991 -11.449747468305826 -11.346194077712552 -11.242640687119279 -11.139087296526005 -11.035533905932732 -10.931980515339458 -10.828427124746185 -10.724873734152911 -10.621320343559638 -10.517766952966365 -10.414213562373092 -10.31066017177982 -10.207106781186546 -10.103553390593273 -10.0 
-18.03858223313766 -17.78858223313766 -17.53858223313766 -17.28858223313766 -17.03858223313766 -16.78858223313766 -16.538582233137664 -16.288582233137664 -16.038582233137664 -15.788582233137664 -15.538582233137664 -15.288582233137666 -15.038582233137666 -14.788582233137666 -14.538582233137667 -14.288582233137667 -14.038582233137667 -13.788582233137669 -13.685028842544394 -13.581475451951121 -13.477922061357848 -13.374368670764573 -13.2708152801713 -13.167261889578027 -13.063708498984752 -12.96015510839148 -12.856601717798206 -12.753048327204931 -12.649494936611658 -12.545941546018385 -12.44238815542511 -12.338834764831837 -12.235281374238564 -12.13172798364529 -12.028174593052016 -11.924621202458741 -11.821067811865468 -11.717514421272195 -11.61396103067892 -11.510407640085647 -11.406854249492374 -11.3033008588991 -11.199747468305826 -11.096194077712553 -10.992640687119279 -10.889087296526005 -10.785533905932732 -10.68198051533946 -10.578427124746185 -10.474873734152911 -10.371320343559638 -10.267766952966365 -10.164213562373092 -10.06066017177982 -9.957106781186546 -9.853553390593273 -9.75 
-17.935028842544384 -17.685028842544387 -17.435028842544387 -17.185028842544387 -16.935028842544387 -16.685028842544387 -16.435028842544387 -16.18502884254439 -15.935028842544389 -15.68502884254439 -15.43502884254439 -15.18502884254439 -14.935028842544392 -14.685028842544392 -14.435028842544392 -14.185028842544394 -13.935028842544394 -13.685028842544394 -13.435028842544396 -13.331475451951121 -13.227922061357848 -13.124368670764575 -13.0208152801713 -12.917261889578027 -12.813708498984754 -12.71015510839148 -12.606601717798206 -12.503048327204933 -12.399494936611658 -12.295941546018385 -12.192388155425112 -12.088834764831837 -11.985281374238564 -11.881727983645291 -11.778174593052016 -11.674621202458743 -11.571067811865468 -11.467514421272195 -11.363961030678922 -11.260407640085647 -11.156854249492374 -11.053300858899101 -10.949747468305826 -10.846194077712553 -10.74264068711928 -10.639087296526005 -10.535533905932732 -10.43198051533946 -10.328427124746186 -10.224873734152911 -10.121320343559638 -10.017766952966365 -9.914213562373092 -9.81066017177982 -9.707106781186546 -9.603553390593273 -9.5 
-17.83147545195111 -17.58147545195111 -17.331475451951114 -17.081475451951114 -16.831475451951114 -16.581475451951114 -16.331475451951114 -16.081475451951114 -15.831475451951116 -15.581475451951116 -15.331475451951118 -15.081475451951118 -14.831475451951118 -14.58147545195112 -14.33147545195112 -14.08147545195112 -13.831475451951121 -13.581475451951121 -13.331475451951121 -13.081475451951123 -12.977922061357848 -12.874368670764575 -12.770815280171302 -12.667261889578027 -12.563708498984754 -12.460155108391481 -12.356601717798206 -12.253048327204933 -12.14949493661166 -12.045941546018385 -11.942388155425112 -11.838834764831839 -11.735281374238564 -11.631727983645291 -11.528174593052018 -11.424621202458743 -11.32106781186547 -11.217514421272195 -11.113961030678922 -11.01040764008565 -10.906854249492374 -10.803300858899101 -10.699747468305828 -10.596194077712553 -10.49264068711928 -10.389087296526007 -10.285533905932732 -10.18198051533946 -10.078427124746186 -9.974873734152913 -9.871320343559638 -9.767766952966365 -9.664213562373092 -9.56066017177982 -9.457106781186546 -9.353553390593273 -9.25 
-17.727922061357837 -17.477922061357837 -17.227922061357837 -16.97792206135784 -16.72792206135784 -16.47792206135784 -16.22792206135784 -15.977922061357841 -15.727922061357843 -15.477922061357843 -15.227922061357843 -14.977922061357845 -14.727922061357845 -14.477922061357845 -14.227922061357846 -13.977922061357846 -13.727922061357846 -13.477922061357848 -13.227922061357848 -12.977922061357848 -12.72792206135785 -12.624368670764575 -12.520815280171302 -12.417261889578029 -12.313708498984754 -12.210155108391481 -12.106601717798208 -12.003048327204933 -11.89949493661166 -11.795941546018387 -11.692388155425112 -11.588834764831839 -11.485281374238566 -11.381727983645291 -11.278174593052018 -11.174621202458745 -11.07106781186547 -10.967514421272197 -10.863961030678922 -10.76040764008565 -10.656854249492376 -10.553300858899101 -10.449747468305828 -10.346194077712555 -10.24264068711928 -10.139087296526007 -10.035533905932734 -9.93198051533946 -9.828427124746186 -9.724873734152913 -9.62132034355964 -9.517766952966365 -9.414213562373092 -9.31066017177982 -9.207106781186546 -9.103553390593273 -9.0 
-17.624368670764564 -17.374368670764564 -17.124368670764564 -16.874368670764564 -16.624368670764568 -16.374368670764568 -16.124368670764568 -15.874368670764568 -15.624368670764568 -15.37436867076457 -15.12436867076457 -14.87436867076457 -14.624368670764571 -14.374368670764571 -14.124368670764571 -13.874368670764573 -13.624368670764573 -13.374368670764573 -13.124368670764575 -12.874368670764575 -12.624368670764575 -12.374368670764577 -12.270815280171302 -12.167261889578029 -12.063708498984756 -11.960155108391481 -11.856601717798208 -11.753048327204935 -11.64949493661166 -11.545941546018387 -11.442388155425114 -11.338834764831839 -11.235281374238566 -11.131727983645293 -11.028174593052018 -10.924621202458745 -10.821067811865472 -10.717514421272197 -10.613961030678924 -10.51040764008565 -10.406854249492376 -10.303300858899103 -10.199747468305828 -10.096194077712555 -9.992640687119282 -9.889087296526007 -9.785533905932734 -9.681980515339461 -9.578427124746186 -9.474873734152913 -9.37132034355964 -9.267766952966367 -9.164213562373092 -9.06066017177982 -8.957106781186546 -8.853553390593273 -8.75 
-17.52081528017129 -17.27081528017129 -17.02081528017129 -16.77081528017129 -16.52081528017129 -16.270815280171295 -16.020815280171295 -15.770815280171295 -15.520815280171295 -15.270815280171295 -15.020815280171297 -14.770815280171297 -14.520815280171297 -14.270815280171298 -14.020815280171298 -13.770815280171298 -13.5208152801713 -13.2708152801713 -13.0208152801713 -12.770815280171302 -12.520815280171302 -12.270815280171302 -12.020815280171304 -11.917261889578029 -11.813708498984756 -11.710155108391483 -11.606601717798208 -11.503048327204935 -11.399494936611662 -11.295941546018387 -11.192388155425114 -11.08883476483184 -10.985281374238566 -10.881727983645293 -10.77817459305202 -10.674621202458745 -10.571067811865472 -10.467514421272199 -10.363961030678924 -10.260407640085651 -10.156854249492376 -10.053300858899103 -9.94974746830583 -9.846194077712555 -9.742640687119282 -9.639087296526009 -9.535533905932734 -9.431980515339461 -9.328427124746188 -9.224873734152913 -9.12132034355964 -9.017766952966367 -8.914213562373094 -8.81066017177982 -8.707106781186546 -8.603553390593273 -8.5 
-17.417261889578015 -17.16726188957802 -16.91726188957802 -16.66726188957802 -16.41726188957802 -16.16726188957802 -15.91726188957802 -15.66726188957802 -15.417261889578022 -15.167261889578022 -14.917261889578022 -14.667261889578024 -14.417261889578024 -14.167261889578024 -13.917261889578025 -13.667261889578025 -13.417261889578025 -13.167261889578027 -12.917261889578027 -12.667261889578027 -12.417261889578029 -12.167261889578029 -11.917261889578029 -11.66726188957803 -11.563708498984756 -11.460155108391483 -11.35660171779821 -11.253048327204935 -11.149494936611662 -11.045941546018389 -10.942388155425114 -10.83883476483184 -10.735281374238568 -10.631727983645293 -10.52817459305202 -10.424621202458747 -10.321067811865472 -10.217514421272199 -10.113961030678926 -10.010407640085651 -9.906854249492378 -9.803300858899103 -9.69974746830583 -9.596194077712557 -9.492640687119282 -9.389087296526009 -9.285533905932736 -9.181980515339461 -9.078427124746188 -8.974873734152915 -8.87132034355964 -8.767766952966367 -8.664213562373094 -8.560660171779821 -8.457106781186546 -8.353553390593273 -8.25 
-17.31370849898474 -17.06370849898474 -16.813708498984745 -16.563708498984745 -16.313708498984745 -16.063708498984745 -15.813708498984745 -15.563708498984747 -15.313708498984747 -15.063708498984749 -14.813708498984749 -14.563708498984749 -14.31370849898475 -14.06370849898475 -13.81370849898475 -13.563708498984752 -13.313708498984752 -13.063708498984752 -12.813708498984754 -12.563708498984754 -12.313708498984754 -12.063708498984756 -11.813708498984756 -11.563708498984756 -11.313708498984758 -11.210155108391483 -11.10660171779821 -11.003048327204937 -10.899494936611662 -10.795941546018389 -10.692388155425116 -10.58883476483184 -10.485281374238568 -10.381727983645295 -10.27817459305202 -10.174621202458747 -10.071067811865474 -9.967514421272199 -9.863961030678926 -9.760407640085653 -9.656854249492378 -9.553300858899105 -9.44974746830583 -9.346194077712557 -9.242640687119284 -9.139087296526009 -9.035533905932736 -8.931980515339463 -8.828427124746188 -8.724873734152915 -8.621320343559642 -8.517766952966367 -8.414213562373094 -8.310660171779821 -8.207106781186548 -8.103553390593273 -8.0 
-17.21015510839147 -16.96015510839147 -16.71015510839147 -16.460155108391472 -16.210155108391472 -15.960155108391472 -15.710155108391472 -15.460155108391472 -15.210155108391474 -14.960155108391474 -14.710155108391476 -14.460155108391476 -14.210155108391476 -13.960155108391477 -13.710155108391477 -13.460155108391477 -13.21015510839148 -12.96015510839148 -12.71015510839148 -12.460155108391481 -12.210155108391481 -11.960155108391481 -11.710155108391483 -11.460155108391483 -11.210155108391483 -10.960155108391485 -10.85660171779821 -10.753048327204937 -10.649494936611664 -10.545941546018389 -10.442388155425116 -10.338834764831843 -10.235281374238568 -10.131727983645295 -10.028174593052022 -9.924621202458747 -9.821067811865474 -9.7175144212722 -9.613961030678926 -9.510407640085653 -9.40685424949238 -9.303300858899105 -9.199747468305832 -9.096194077712557 -8.992640687119284 -8.88908729652601 -8.785533905932736 -8.681980515339463 -8.57842712474619 -8.474873734152915 -8.371320343559642 -8.267766952966369 -8.164213562373094 -8.060660171779821 -7.957106781186548 -7.853553390593274 -7.75 
-17.106601717798195 -16.856601717798195 -16.606601717798195 -16.356601717798195 -16.1066017177982 -15.856601717798197 -15.606601717798199 -15.356601717798199 -15.106601717798199 -14.8566017177982 -14.6066017177982 -14.356601717798203 -14.106601717798203 -13.856601717798203 -13.606601717798204 -13.356601717798204 -13.106601717798204 -12.856601717798206 -12.606601717798206 -12.356601717798206 -12.106601717798208 -11.856601717798208 -11.606601717798208 -11.35660171779821 -11.10660171779821 -10.85660171779821 -10.606601717798211 -10.503048327204937 -10.399494936611664 -10.29594154601839 -10.192388155425116 -10.088834764831843 -9.98528137423857 -9.881727983645295 -9.778174593052022 -9.674621202458749 -9.571067811865474 -9.4675144212722 -9.363961030678928 -9.260407640085653 -9.15685424949238 -9.053300858899107 -8.949747468305832 -8.846194077712559 -8.742640687119284 -8.63908729652601 -8.535533905932738 -8.431980515339463 -8.32842712474619 -8.224873734152917 -8.121320343559642 -8.017766952966369 -7.914213562373095 -7.810660171779821 -7.707106781186548 -7.603553390593274 -7.5 
-17.003048327204922 -16.753048327204922 -16.503048327204922 -16.253048327204922 -16.003048327204922 -15.753048327204924 -15.503048327204924 -15.253048327204926 -15.003048327204926 -14.753048327204926 -14.503048327204928 -14.253048327204928 -14.00304832720493 -13.75304832720493 -13.50304832720493 -13.253048327204931 -13.003048327204931 -12.753048327204931 -12.503048327204933 -12.253048327204933 -12.003048327204933 -11.753048327204935 -11.503048327204935 -11.253048327204935 -11.003048327204937 -10.753048327204937 -10.503048327204937 -10.253048327204938 -10.149494936611664 -10.04594154601839 -9.942388155425117 -9.838834764831843 -9.73528137423857 -9.631727983645296 -9.528174593052022 -9.424621202458749 -9.321067811865476 -9.2175144212722 -9.113961030678928 -9.010407640085655 -8.90685424949238 -8.803300858899107 -8.699747468305834 -8.596194077712559 -8.492640687119286 -8.38908729652601 -8.285533905932738 -8.181980515339465 -8.07842712474619 -7.974873734152917 -7.871320343559643 -7.767766952966369 -7.664213562373095 -7.560660171779821 -7.457106781186548 -7.353553390593274 -7.25 
-16.899494936611646 -16.64949493661165 -16.39949493661165 -16.14949493661165 -15.89949493661165 -15.649494936611651 -15.399494936611651 -15.149494936611651 -14.899494936611653 -14.649494936611653 -14.399494936611653 -14.149494936611655 -13.899494936611655 -13.649494936611656 -13.399494936611656 -13.149494936611656 -12.899494936611658 -12.649494936611658 -12.399494936611658 -12.14949493661166 -11.89949493661166 -11.64949493661166 -11.399494936611662 -11.149494936611662 -10.899494936611662 -10.649494936611664 -10.399494936611664 -10.149494936611664 -9.899494936611665 -9.79594154601839 -9.692388155425117 -9.588834764831844 -9.48528137423857 -9.381727983645296 -9.278174593052023 -9.174621202458749 -9.071067811865476 -8.967514421272202 -8.863961030678928 -8.760407640085655 -8.656854249492381 -8.553300858899107 -8.449747468305834 -8.34619407771256 -8.242640687119286 -8.139087296526013 -8.035533905932738 -7.931980515339465 -7.828427124746191 -7.724873734152917 -7.621320343559643 -7.517766952966369 -7.414213562373095 -7.310660171779821 -7.207106781186548 -7.103553390593274 -7.0 
-16.795941546018373 -16.545941546018373 -16.295941546018376 -16.045941546018376 -15.795941546018376 -15.545941546018376 -15.295941546018378 -15.045941546018378 -14.795941546018378 -14.54594154601838 -14.29594154601838 -14.04594154601838 -13.795941546018382 -13.545941546018382 -13.295941546018383 -13.045941546018383 -12.795941546018383 -12.545941546018385 -12.295941546018385 -12.045941546018385 -11.795941546018387 -11.545941546018387 -11.295941546018387 -11.045941546018389 -10.795941546018389 -10.545941546018389 -10.29594154601839 -10.04594154601839 -9.79594154601839 -9.545941546018392 -9.442388155425117 -9.338834764831844 -9.235281374238571 -9.131727983645296 -9.028174593052023 -8.92462120245875 -8.821067811865476 -8.717514421272202 -8.61396103067893 -8.510407640085655 -8.406854249492381 -8.303300858899108 -8.199747468305834 -8.09619407771256 -7.9926406871192865 -7.889087296526013 -7.785533905932739 -7.681980515339465 -7.578427124746191 -7.474873734152917 -7.371320343559643 -7.267766952966369 -7.164213562373095 -7.060660171779821 -6.957106781186548 -6.853553390593274 -6.75 
-16.6923881554251 -16.4423881554251 -16.1923881554251 -15.942388155425101 -15.692388155425103 -15.442388155425103 -15.192388155425103 -14.942388155425105 -14.692388155425105 -14.442388155425105 -14.192388155425107 -13.942388155425107 -13.692388155425107 -13.442388155425109 -13.192388155425109 -12.94238815542511 -12.69238815542511 -12.44238815542511 -12.192388155425112 -11.942388155425112 -11.692388155425112 -11.442388155425114 -11.192388155425114 -10.942388155425114 -10.692388155425116 -10.442388155425116 -10.192388155425116 -9.942388155425117 -9.692388155425117 -9.442388155425117 -9.19238815542512 -9.088834764831844 -8.985281374238571 -8.881727983645298 -8.778174593052023 -8.67462120245875 -8.571067811865477 -8.467514421272202 -8.36396103067893 -8.260407640085656 -8.156854249492381 -8.053300858899108 -7.9497474683058345 -7.8461940777125605 -7.7426406871192865 -7.639087296526013 -7.535533905932739 -7.431980515339465 -7.328427124746191 -7.224873734152917 -7.121320343559643 -7.017766952966369 -6.914213562373095 -6.810660171779821 -6.707106781186548 -6.603553390593274 -6.5 
-16.588834764831827 -16.33883476483183 -16.08883476483183 -15.838834764831828 -15.588834764831828 -15.33883476483183 -15.08883476483183 -14.83883476483183 -14.588834764831832 -14.338834764831832 -14.088834764831832 -13.838834764831834 -13.588834764831834 -13.338834764831834 -13.088834764831835 -12.838834764831835 -12.588834764831837 -12.338834764831837 -12.088834764831837 -11.838834764831839 -11.588834764831839 -11.338834764831839 -11.08883476483184 -10.83883476483184 -10.58883476483184 -10.338834764831843 -10.088834764831843 -9.838834764831843 -9.588834764831844 -9.338834764831844 -9.088834764831844 -8.838834764831846 -8.735281374238571 -8.631727983645298 -8.528174593052025 -8.42462120245875 -8.321067811865477 -8.217514421272204 -8.11396103067893 -8.010407640085656 -7.906854249492382 -7.803300858899108 -7.6997474683058345 -7.5961940777125605 -7.4926406871192865 -7.389087296526013 -7.285533905932739 -7.181980515339465 -7.078427124746191 -6.974873734152917 -6.871320343559643 -6.767766952966369 -6.664213562373095 -6.560660171779821 -6.457106781186548 -6.353553390593274 -6.25 
-16.485281374238554 -16.235281374238554 -15.985281374238555 -15.735281374238555 -15.485281374238555 -15.235281374238555 -14.985281374238557 -14.735281374238557 -14.485281374238557 -14.235281374238559 -13.985281374238559 -13.735281374238559 -13.48528137423856 -13.23528137423856 -12.98528137423856 -12.735281374238562 -12.485281374238562 -12.235281374238564 -11.985281374238564 -11.735281374238564 -11.485281374238566 -11.235281374238566 -10.985281374238566 -10.735281374238568 -10.485281374238568 -10.235281374238568 -9.98528137423857 -9.73528137423857 -9.48528137423857 -9.235281374238571 -8.985281374238571 -8.735281374238571 -8.485281374238573 -8.381727983645298 -8.278174593052025 -8.174621202458752 -8.071067811865477 -7.967514421272204 -7.86396103067893 -7.760407640085656 -7.656854249492382 -7.553300858899108 -7.4497474683058345 -7.3461940777125605 -7.2426406871192865 -7.139087296526013 -7.035533905932739 -6.931980515339465 -6.828427124746191 -6.724873734152917 -6.621320343559643 -6.517766952966369 -6.414213562373095 -6.310660171779821 -6.207106781186548 -6.103553390593274 -6.0 
-16.38172798364528 -16.13172798364528 -15.88172798364528 -15.631727983645282 -15.381727983645282 -15.131727983645282 -14.881727983645282 -14.631727983645284 -14.381727983645284 -14.131727983645284 -13.881727983645286 -13.631727983645286 -13.381727983645286 -13.131727983645288 -12.881727983645288 -12.631727983645288 -12.38172798364529 -12.13172798364529 -11.881727983645291 -11.631727983645291 -11.381727983645291 -11.131727983645293 -10.881727983645293 -10.631727983645293 -10.381727983645295 -10.131727983645295 -9.881727983645295 -9.631727983645296 -9.381727983645296 -9.131727983645296 -8.881727983645298 -8.631727983645298 -8.381727983645298 -8.1317279836453 -8.028174593052025 -7.924621202458752 -7.821067811865478 -7.717514421272204 -7.61396103067893 -7.510407640085656 -7.406854249492382 -7.303300858899108 -7.1997474683058345 -7.0961940777125605 -6.9926406871192865 -6.889087296526013 -6.785533905932739 -6.681980515339465 -6.578427124746191 -6.474873734152917 -6.371320343559643 -6.267766952966369 -6.164213562373095 -6.060660171779821 -5.957106781186548 -5.853553390593274 -5.75 
-16.278174593052007 -16.028174593052007 -15.778174593052007 -15.528174593052007 -15.27817459305201 -15.02817459305201 -14.77817459305201 -14.52817459305201 -14.278174593052011 -14.028174593052011 -13.778174593052011 -13.528174593052013 -13.278174593052013 -13.028174593052013 -12.778174593052015 -12.528174593052015 -12.278174593052015 -12.028174593052016 -11.778174593052016 -11.528174593052018 -11.278174593052018 -11.028174593052018 -10.77817459305202 -10.52817459305202 -10.27817459305202 -10.028174593052022 -9.778174593052022 -9.528174593052022 -9.278174593052023 -9.028174593052023 -8.778174593052023 -8.528174593052025 -8.278174593052025 -8.028174593052025 -7.778174593052026 -7.674621202458752 -7.571067811865478 -7.467514421272204 -7.36396103067893 -7.260407640085656 -7.156854249492382 -7.053300858899108 -6.9497474683058345 -6.8461940777125605 -6.7426406871192865 -6.639087296526013 -6.535533905932739 -6.431980515339465 -6.328427124746191 -6.224873734152917 -6.121320343559643 -6.017766952966369 -5.914213562373095 -5.810660171779821 -5.707106781186548 -5.603553390593274 -5.5 
-16.174621202458734 -15.924621202458734 -15.674621202458734 -15.424621202458734 -15.174621202458734 -14.924621202458736 -14.674621202458736 -14.424621202458736 -14.174621202458736 -13.924621202458738 -13.674621202458738 -13.424621202458738 -13.17462120245874 -12.92462120245874 -12.67462120245874 -12.424621202458741 -12.174621202458741 -11.924621202458741 -11.674621202458743 -11.424621202458743 -11.174621202458745 -10.924621202458745 -10.674621202458745 -10.424621202458747 -10.174621202458747 -9.924621202458747 -9.674621202458749 -9.424621202458749 -9.174621202458749 -8.92462120245875 -8.67462120245875 -8.42462120245875 -8.174621202458752 -7.924621202458752 -7.674621202458752 -7.424621202458752 -7.321067811865478 -7.217514421272204 -7.11396103067893 -7.010407640085656 -6.906854249492382 -6.803300858899108 -6.6997474683058345 -6.5961940777125605 -6.4926406871192865 -6.389087296526013 -6.285533905932739 -6.181980515339465 -6.078427124746191 -5.974873734152917 -5.871320343559643 -5.767766952966369 -5.664213562373095 -5.560660171779821 -5.457106781186548 -5.353553390593274 -5.25 
