<?xml version="1.0" encoding="UTF-8" standalone="yes"?>
<output>
    <algorithm>eDijkstra</algorithm>
    <cellsize>40.0cm</cellsize>
    <deviation>1.44</deviation>
    <distanceMap>-33.47939392393395 -33.07939392393395 -32.67939392393395 -32.27939392393395 -31.87939392393395 -31.47939392393395 -31.079393923933953 -30.679393923933954 -30.279393923933956 -29.879393923933957 -29.47939392393396 -29.07939392393396 -28.67939392393396 -28.279393923933963 -27.879393923933964 -27.479393923933966 -27.079393923933967 -26.67939392393397 -26.27939392393397 -25.87939392393397 -25.479393923933973 -25.079393923933974 -24.679393923933976 -24.279393923933977 -23.87939392393398 -23.47939392393398 -23.07939392393398 -22.679393923933983 -22.279393923933984 -21.879393923933986 -21.479393923933987 -21.07939392393399 -20.67939392393399 -20.27939392393399 -19.879393923933993 -19.479393923933994 -19.079393923933996 -18.679393923933997 -18.279393923934 -17.879393923934 -17.479393923934 -17.079393923934003 -16.679393923934004 -16.279393923934006 -15.879393923934005 -15.479393923934005 -15.079393923934004 -14.913708498984766 -14.748023074035528 -14.58233764908629 -14.416652224137051 -14.250966799187813 -14.085281374238575 -13.919595949289336 -13.753910524340098 -13.58822509939086 -13.422539674441621 -13.256854249492383 -13.091168824543145 -12.925483399593906 -12.759797974644668 -12.59411254969543 -12.428427124746193 -12.262741699796955 -12.097056274847718 -11.93137084989848 -11.765685424949243 -11.600000000000005 -11.765685424949243 -11.93137084989848 -12.097056274847718 -12.262741699796955 -12.428427124746193 
-33.31370849898471 -32.91370849898471 -32.51370849898471 -32.113708498984714 -31.713708498984712 -31.313708498984713 -30.913708498984715 -30.513708498984716 -30.113708498984717 -29.71370849898472 -29.31370849898472 -28.91370849898472 -28.513708498984723 -28.113708498984725 -27.713708498984726 -27.313708498984727 -26.91370849898473 -26.51370849898473 -26.11370849898473 -25.713708498984733 -25.313708498984735 -24.913708498984736 -24.513708498984737 -24.11370849898474 -23.71370849898474 -23.31370849898474 -22.913708498984743 -22.513708498984744 -22.113708498984746 -21.713708498984747 -21.31370849898475 -20.91370849898475 -20.51370849898475 -20.113708498984753 -19.713708498984754 -19.313708498984756 -18.913708498984757 -18.51370849898476 -18.11370849898476 -17.71370849898476 -17.313708498984763 -16.913708498984764 -16.513708498984766 -16.113708498984767 -15.713708498984767 -15.313708498984766 -14.913708498984766 -14.513708498984766 -14.348023074035527 -14.18233764908629 -14.01665222413705 -13.850966799187812 -13.685281374238574 -13.519595949289336 -13.353910524340098 -13.18822509939086 -13.02253967444162 -12.856854249492383 -12.691168824543144 -12.525483399593906 -12.359797974644668 -12.19411254969543 -12.028427124746193 -11.862741699796954 -11.697056274847718 -11.53137084989848 -11.365685424949243 -11.200000000000005 -11.365685424949243 -11.53137084989848 -11.697056274847718 -11.862741699796954 -12.028427124746193 
-33.14802307403547 -32.74802307403547 -32.348023074035474 -31.948023074035472 -31.548023074035473 -31.148023074035475 -30.748023074035476 -30.348023074035478 -29.94802307403548 -29.54802307403548 -29.148023074035482 -28.748023074035483 -28.348023074035485 -27.948023074035486 -27.548023074035488 -27.14802307403549 -26.74802307403549 -26.348023074035492 -25.948023074035493 -25.548023074035495 -25.148023074035496 -24.748023074035498 -24.3480230740355 -23.9480230740355 -23.548023074035502 -23.148023074035503 -22.748023074035505 -22.348023074035506 -21.948023074035508 -21.54802307403551 -21.14802307403551 -20.748023074035512 -20.348023074035513 -19.948023074035515 -19.548023074035516 -19.148023074035518 -18.74802307403552 -18.34802307403552 -17.94802307403552 -17.548023074035523 -17.148023074035525 -16.748023074035526 -16.348023074035527 -15.948023074035529 -15.548023074035529 -15.148023074035528 -14.748023074035528 -14.348023074035527 -13.948023074035527 -13.782337649086289 -13.61665222413705 -13.450966799187812 -13.285281374238574 -13.119595949289335 -12.953910524340097 -12.788225099390859 -12.62253967444162 -12.456854249492382 -12.291168824543144 -12.125483399593906 -11.959797974644667 -11.794112549695429 -11.628427124746192 -11.462741699796954 -11.297056274847717 -11.13137084989848 -10.965685424949243 -10.800000000000004 -10.965685424949243 -11.13137084989848 -11.297056274847717 -11.462741699796954 -11.628427124746192 
-32.98233764908623 -32.582337649086234 -32.182337649086236 -31.782337649086234 -31.382337649086235 -30.982337649086237 -30.582337649086238 -30.18233764908624 -29.78233764908624 -29.382337649086242 -28.982337649086244 -28.582337649086245 -28.182337649086247 -27.782337649086248 -27.38233764908625 -26.98233764908625 -26.582337649086252 -26.182337649086254 -25.782337649086255 -25.382337649086256 -24.982337649086258 -24.58233764908626 -24.18233764908626 -23.782337649086262 -23.382337649086264 -22.982337649086265 -22.582337649086266 -22.182337649086268 -21.78233764908627 -21.38233764908627 -20.982337649086272 -20.582337649086274 -20.182337649086275 -19.782337649086276 -19.382337649086278 -18.98233764908628 -18.58233764908628 -18.182337649086282 -17.782337649086283 -17.382337649086285 -16.982337649086286 -16.582337649086288 -16.18233764908629 -15.78233764908629 -15.38233764908629 -14.98233764908629 -14.58233764908629 -14.18233764908629 -13.782337649086289 -13.382337649086288 -13.21665222413705 -13.050966799187812 -12.885281374238573 -12.719595949289335 -12.553910524340097 -12.388225099390858 -12.22253967444162 -12.056854249492382 -11.891168824543144 -11.725483399593905 -11.559797974644667 -11.394112549695429 -11.228427124746192 -11.062741699796954 -10.897056274847717 -10.731370849898479 -10.565685424949242 -10.400000000000004 -10.565685424949242 -10.731370849898479 -10.897056274847717 -11.062741699796954 -11.228427124746192 
-32.816652224136995 -32.416652224136996 -32.016652224137 -31.616652224136995 -31.216652224136997 -30.816652224137 -30.416652224137 -30.016652224137 -29.616652224137002 -29.216652224137004 -28.816652224137005 -28.416652224137007 -28.016652224137008 -27.61665222413701 -27.21665222413701 -26.816652224137012 -26.416652224137014 -26.016652224137015 -25.616652224137017 -25.216652224137018 -24.81665222413702 -24.41665222413702 -24.016652224137022 -23.616652224137024 -23.216652224137025 -22.816652224137027 -22.416652224137028 -22.01665222413703 -21.61665222413703 -21.216652224137032 -20.816652224137034 -20.416652224137035 -20.016652224137037 -19.616652224137038 -19.21665222413704 -18.81665222413704 -18.416652224137042 -18.016652224137044 -17.616652224137045 -17.216652224137047 -16.816652224137048 -16.41665222413705 -16.01665222413705 -15.616652224137052 -15.216652224137052 -14.816652224137052 -14.416652224137051 -14.01665222413705 -13.61665222413705 -13.21665222413705 -12.81665222413705 -12.650966799187811 -12.485281374238573 -12.319595949289335 -12.153910524340096 -11.988225099390858 -11.82253967444162 -11.656854249492381 -11.491168824543143 -11.325483399593905 -11.159797974644666 -10.994112549695428 -10.828427124746192 -10.662741699796953 -10.497056274847717 -10.331370849898478 -10.165685424949242 -10.000000000000004 -10.165685424949242 -10.331370849898478 -10.497056274847717 -10.662741699796953 -10.828427124746192 
-32.650966799187756 -32.25096679918776 -31.85096679918776 -31.45096679918776 -31.050966799187762 -30.650966799187763 -30.250966799187765 -29.850966799187766 -29.450966799187768 -29.05096679918777 -28.65096679918777 -28.250966799187772 -27.850966799187773 -27.450966799187775 -27.050966799187776 -26.650966799187778 -26.25096679918778 -25.85096679918778 -25.450966799187782 -25.050966799187783 -24.650966799187785 -24.250966799187786 -23.850966799187788 -23.45096679918779 -23.05096679918779 -22.650966799187792 -22.250966799187793 -21.850966799187795 -21.450966799187796 -21.050966799187798 -20.6509667991878 -20.2509667991878 -19.850966799187802 -19.450966799187803 -19.050966799187805 -18.650966799187806 -18.250966799187808 -17.85096679918781 -17.45096679918781 -17.05096679918781 -16.650966799187813 -16.250966799187815 -15.850966799187814 -15.450966799187814 -15.050966799187814 -14.650966799187813 -14.250966799187813 -13.850966799187812 -13.450966799187812 -13.050966799187812 -12.650966799187811 -12.250966799187811 -12.085281374238573 -11.919595949289334 -11.753910524340096 -11.588225099390858 -11.42253967444162 -11.256854249492381 -11.091168824543143 -10.925483399593904 -10.759797974644666 -10.594112549695428 -10.428427124746191 -10.262741699796953 -10.097056274847716 -9.931370849898478 -9.765685424949242 -9.600000000000003 -9.765685424949242 -9.931370849898478 -10.097056274847716 -10.262741699796953 -10.428427124746191 
-32.48528137423852 -32.08528137423852 -31.68528137423852 -31.285281374238522 -30.885281374238524 -30.485281374238525 -30.085281374238527 -29.685281374238528 -29.28528137423853 -28.88528137423853 -28.485281374238532 -28.085281374238534 -27.685281374238535 -27.285281374238537 -26.885281374238538 -26.48528137423854 -26.08528137423854 -25.685281374238542 -25.285281374238544 -24.885281374238545 -24.485281374238546 -24.085281374238548 -23.68528137423855 -23.28528137423855 -22.885281374238552 -22.485281374238554 -22.085281374238555 -21.685281374238556 -21.285281374238558 -20.88528137423856 -20.48528137423856 -20.085281374238562 -19.685281374238564 -19.285281374238565 -18.885281374238566 -18.485281374238568 -18.08528137423857 -17.68528137423857 -17.285281374238572 -16.885281374238573 -16.485281374238575 -16.085281374238576 -15.685281374238576 -15.285281374238576 -14.885281374238575 -14.485281374238575 -14.085281374238575 -13.685281374238574 -13.285281374238574 -12.885281374238573 -12.485281374238573 -12.085281374238573 -11.685281374238572 -11.519595949289334 -11.353910524340096 -11.188225099390857 -11.022539674441619 -10.85685424949238 -10.691168824543142 -10.525483399593904 -10.359797974644666 -10.194112549695427 -10.028427124746191 -9.862741699796953 -9.697056274847716 -9.531370849898478 -9.365685424949241 -9.200000000000003 -9.365685424949241 -9.531370849898478 -9.697056274847716 -9.862741699796953 -10.028427124746191 
-32.31959594928928 -31.91959594928928 -31.519595949289283 -31.119595949289284 -30.719595949289285 -30.319595949289287 -29.91959594928929 -29.51959594928929 -29.11959594928929 -28.719595949289292 -28.319595949289294 -27.919595949289295 -27.519595949289297 -27.119595949289298 -26.7195959492893 -26.3195959492893 -25.919595949289302 -25.519595949289304 -25.119595949289305 -24.719595949289307 -24.319595949289308 -23.91959594928931 -23.51959594928931 -23.119595949289312 -22.719595949289314 -22.319595949289315 -21.919595949289317 -21.519595949289318 -21.11959594928932 -20.71959594928932 -20.319595949289322 -19.919595949289324 -19.519595949289325 -19.119595949289327 -18.719595949289328 -18.31959594928933 -17.91959594928933 -17.519595949289332 -17.119595949289334 -16.719595949289335 -16.319595949289337 -15.919595949289338 -15.519595949289338 -15.119595949289337 -14.719595949289337 -14.319595949289337 -13.919595949289336 -13.519595949289336 -13.119595949289335 -12.719595949289335 -12.319595949289335 -11.919595949289334 -11.519595949289334 -11.119595949289334 -10.953910524340095 -10.788225099390857 -10.622539674441619 -10.45685424949238 -10.291168824543142 -10.125483399593904 -9.959797974644665 -9.794112549695427 -9.62842712474619 -9.462741699796952 -9.297056274847716 -9.131370849898477 -8.96568542494924 -8.800000000000002 -8.96568542494924 -9.131370849898477 -9.297056274847716 -9.462741699796952 -9.62842712474619 
-32.15391052434004 -31.753910524340043 -31.353910524340044 -30.953910524340046 -30.553910524340047 -30.15391052434005 -29.75391052434005 -29.35391052434005 -28.953910524340053 -28.553910524340054 -28.153910524340056 -27.753910524340057 -27.35391052434006 -26.95391052434006 -26.55391052434006 -26.153910524340063 -25.753910524340064 -25.353910524340066 -24.953910524340067 -24.55391052434007 -24.15391052434007 -23.75391052434007 -23.353910524340073 -22.953910524340074 -22.553910524340075 -22.153910524340077 -21.75391052434008 -21.35391052434008 -20.95391052434008 -20.553910524340083 -20.153910524340084 -19.753910524340085 -19.353910524340087 -18.95391052434009 -18.55391052434009 -18.15391052434009 -17.753910524340093 -17.353910524340094 -16.953910524340095 -16.553910524340097 -16.153910524340098 -15.7539105243401 -15.3539105243401 -14.953910524340099 -14.553910524340099 -14.153910524340098 -13.753910524340098 -13.353910524340098 -12.953910524340097 -12.553910524340097 -12.153910524340096 -11.753910524340096 -11.353910524340096 -10.953910524340095 -10.553910524340095 -10.388225099390857 -10.222539674441618 -10.05685424949238 -9.891168824543142 -9.725483399593903 -9.559797974644665 -9.394112549695427 -9.22842712474619 -9.062741699796952 -8.897056274847715 -8.731370849898477 -8.56568542494924 -8.400000000000002 -8.56568542494924 -8.731370849898477 -8.897056274847715 -9.062741699796952 -9.22842712474619 
-31.988225099390807 -31.588225099390808 -31.18822509939081 -30.78822509939081 -30.388225099390812 -29.988225099390814 -29.588225099390815 -29.188225099390817 -28.788225099390818 -28.38822509939082 -27.98822509939082 -27.588225099390822 -27.188225099390824 -26.788225099390825 -26.388225099390827 -25.988225099390828 -25.58822509939083 -25.18822509939083 -24.788225099390832 -24.388225099390834 -23.988225099390835 -23.588225099390836 -23.188225099390838 -22.78822509939084 -22.38822509939084 -21.988225099390842 -21.588225099390844 -21.188225099390845 -20.788225099390846 -20.388225099390848 -19.98822509939085 -19.58822509939085 -19.188225099390852 -18.788225099390854 -18.388225099390855 -17.988225099390856 -17.588225099390858 -17.18822509939086 -16.78822509939086 -16.388225099390862 -15.988225099390862 -15.588225099390861 -15.188225099390861 -14.78822509939086 -14.38822509939086 -13.98822509939086 -13.58822509939086 -13.18822509939086 -12.788225099390859 -12.388225099390858 -11.988225099390858 -11.588225099390858 -11.188225099390857 -10.788225099390857 -10.388225099390857 -9.988225099390856 -9.822539674441618 -9.65685424949238 -9.491168824543141 -9.325483399593903 -9.159797974644665 -8.994112549695426 -8.82842712474619 -8.662741699796952 -8.497056274847715 -8.331370849898477 -8.16568542494924 -8.000000000000002 -8.16568542494924 -8.331370849898477 -8.497056274847715 -8.662741699796952 -8.82842712474619 
-31.82253967444157 -31.42253967444157 -31.02253967444157 -30.622539674441573 -30.222539674441574 -29.822539674441575 -29.422539674441577 -29.02253967444158 -28.62253967444158 -28.22253967444158 -27.822539674441582 -27.422539674441584 -27.022539674441585 -26.622539674441587 -26.222539674441588 -25.82253967444159 -25.42253967444159 -25.022539674441592 -24.622539674441594 -24.222539674441595 -23.822539674441597 -23.422539674441598 -23.0225396744416 -22.6225396744416 -22.222539674441602 -21.822539674441604 -21.422539674441605 -21.022539674441607 -20.622539674441608 -20.22253967444161 -19.82253967444161 -19.422539674441612 -19.022539674441614 -18.622539674441615 -18.222539674441617 -17.822539674441618 -17.42253967444162 -17.02253967444162 -16.622539674441622 -16.222539674441624 -15.822539674441623 -15.422539674441623 -15.022539674441623 -14.622539674441622 -14.222539674441622 -13.822539674441622 -13.422539674441621 -13.02253967444162 -12.62253967444162 -12.22253967444162 -11.82253967444162 -11.42253967444162 -11.022539674441619 -10.622539674441619 -10.222539674441618 -9.822539674441618 -9.422539674441618 -9.25685424949238 -9.091168824543141 -8.925483399593903 -8.759797974644664 -8.594112549695426 -8.42842712474619 -8.262741699796951 -8.097056274847715 -7.931370849898477 -7.76568542494924 -7.600000000000002 -7.76568542494924 -7.931370849898477 -8.097056274847715 -8.262741699796951 -8.42842712474619 
-31.65685424949233 -31.25685424949233 -30.856854249492333 -30.456854249492334 -30.056854249492336 -29.656854249492337 -29.25685424949234 -28.85685424949234 -28.45685424949234 -28.056854249492343 -27.656854249492344 -27.256854249492346 -26.856854249492347 -26.45685424949235 -26.05685424949235 -25.65685424949235 -25.256854249492353 -24.856854249492354 -24.456854249492356 -24.056854249492357 -23.65685424949236 -23.25685424949236 -22.85685424949236 -22.456854249492363 -22.056854249492364 -21.656854249492365 -21.256854249492367 -20.85685424949237 -20.45685424949237 -20.05685424949237 -19.656854249492373 -19.256854249492374 -18.856854249492375 -18.456854249492377 -18.05685424949238 -17.65685424949238 -17.25685424949238 -16.856854249492383 -16.456854249492384 -16.056854249492385 -15.656854249492385 -15.256854249492385 -14.856854249492384 -14.456854249492384 -14.056854249492384 -13.656854249492383 -13.256854249492383 -12.856854249492383 -12.456854249492382 -12.056854249492382 -11.656854249492381 -11.256854249492381 -10.85685424949238 -10.45685424949238 -10.05685424949238 -9.65685424949238 -9.25685424949238 -8.856854249492379 -8.69116882454314 -8.525483399593902 -8.359797974644664 -8.194112549695426 -8.02842712474619 -7.862741699796952 -7.697056274847714 -7.531370849898477 -7.365685424949239 -7.200000000000002 -7.365685424949239 -7.531370849898477 -7.697056274847714 -7.862741699796952 -8.02842712474619 
-31.49116882454309 -31.091168824543093 -30.691168824543094 -30.291168824543096 -29.891168824543097 -29.4911688245431 -29.0911688245431 -28.6911688245431 -28.291168824543103 -27.891168824543104 -27.491168824543106 -27.091168824543107 -26.69116882454311 -26.29116882454311 -25.89116882454311 -25.491168824543113 -25.091168824543114 -24.691168824543116 -24.291168824543117 -23.89116882454312 -23.49116882454312 -23.09116882454312 -22.691168824543123 -22.291168824543124 -21.891168824543126 -21.491168824543127 -21.09116882454313 -20.69116882454313 -20.29116882454313 -19.891168824543133 -19.491168824543134 -19.091168824543136 -18.691168824543137 -18.29116882454314 -17.89116882454314 -17.49116882454314 -17.091168824543143 -16.691168824543144 -16.291168824543146 -15.891168824543147 -15.491168824543147 -15.091168824543146 -14.691168824543146 -14.291168824543146 -13.891168824543145 -13.491168824543145 -13.091168824543145 -12.691168824543144 -12.291168824543144 -11.891168824543144 -11.491168824543143 -11.091168824543143 -10.691168824543142 -10.291168824543142 -9.891168824543142 -9.491168824543141 -9.091168824543141 -8.69116882454314 -8.29116882454314 -8.125483399593902 -7.9597979746446645 -7.794112549695426 -7.628427124746189 -7.462741699796951 -7.297056274847714 -7.1313708498984765 -6.965685424949239 -6.800000000000002 -6.965685424949239 -7.1313708498984765 -7.297056274847714 -7.462741699796951 -7.628427124746189 
-31.65685424949233 -31.25685424949233 -30.856854249492333 -30.456854249492334 -30.056854249492336 -29.656854249492337 -29.25685424949234 -28.85685424949234 -28.45685424949234 -28.056854249492343 -27.656854249492344 -27.256854249492346 -26.856854249492347 -26.45685424949235 -1.7976931348623157E308 -1.7976931348623157E308 -1.7976931348623157E308 -1.7976931348623157E308 -1.7976931348623157E308 -1.7976931348623157E308 -1.7976931348623157E308 -1.7976931348623157E308 -1.7976931348623157E308 -1.7976931348623157E308 -1.7976931348623157E308 -1.7976931348623157E308 -1.7976931348623157E308 -1.7976931348623157E308 -1.7976931348623157E308 -1.7976931348623157E308 -1.7976931348623157E308 -1.7976931348623157E308 -1.7976931348623157E308 -1.7976931348623157E308 -1.7976931348623157E308 -1.7976931348623157E308 -1.7976931348623157E308 -1.7976931348623157E308 -1.7976931348623157E308 -1.7976931348623157E308 -1.7976931348623157E308 -1.7976931348623157E308 -1.7976931348623157E308 -1.7976931348623157E308 -1.7976931348623157E308 -1.7976931348623157E308 -1.7976931348623157E308 -1.7976931348623157E308 -1.7976931348623157E308 -1.7976931348623157E308 -1.7976931348623157E308 -1.7976931348623157E308 -1.7976931348623157E308 -1.7976931348623157E308 -1.7976931348623157E308 -1.7976931348623157E308 -1.7976931348623157E308 -1.7976931348623157E308 -1.7976931348623157E308 -7.7254833995939025 -7.559797974644664 -7.394112549695427 -7.228427124746188 -7.062741699796951 -6.8970562748477136 -6.731370849898476 -6.565685424949239 -6.400000000000001 -6.565685424949239 -6.731370849898476 -6.8970562748477136 -7.062741699796951 -7.228427124746188 
-31.82253967444157 -31.42253967444157 -31.02253967444157 -30.622539674441573 -30.222539674441574 -29.822539674441575 -29.422539674441577 -29.02253967444158 -28.62253967444158 -28.22253967444158 -27.822539674441582 -27.422539674441584 -27.022539674441585 -26.856854249492347 -1.7976931348623157E308 -1.7976931348623157E308 -1.7976931348623157E308 -1.7976931348623157E308 -1.7976931348623157E308 -1.7976931348623157E308 -1.7976931348623157E308 -1.7976931348623157E308 -1.7976931348623157E308 -1.7976931348623157E308 -1.7976931348623157E308 -1.7976931348623157E308 -1.7976931348623157E308 -1.7976931348623157E308 -1.7976931348623157E308 -1.7976931348623157E308 -1.7976931348623157E308 -1.7976931348623157E308 -1.7976931348623157E308 -1.7976931348623157E308 -1.7976931348623157E308 -1.7976931348623157E308 -1.7976931348623157E308 -1.7976931348623157E308 -1.7976931348623157E308 -1.7976931348623157E308 -1.7976931348623157E308 -1.7976931348623157E308 -1.7976931348623157E308 -1.7976931348623157E308 -1.7976931348623157E308 -1.7976931348623157E308 -1.7976931348623157E308 -1.7976931348623157E308 -1.7976931348623157E308 -1.7976931348623157E308 -1.7976931348623157E308 -1.7976931348623157E308 -1.7976931348623157E308 -1.7976931348623157E308 -1.7976931348623157E308 -1.7976931348623157E308 -1.7976931348623157E308 -1.7976931348623157E308 -1.7976931348623157E308 -7.325483399593903 -7.159797974644665 -6.994112549695426 -6.828427124746189 -6.662741699796951 -6.497056274847713 -6.331370849898476 -6.165685424949238 -6.000000000000001 -6.165685424949238 -6.331370849898476 -6.497056274847713 -6.662741699796951 -6.828427124746189 
-31.988225099390807 -31.588225099390808 -31.18822509939081 -30.78822509939081 -30.388225099390812 -29.988225099390814 -29.588225099390815 -29.188225099390817 -28.788225099390818 -28.38822509939082 -27.98822509939082 -27.588225099390822 -27.422539674441584 -27.256854249492346 -27.422539674441584 -27.822539674441582 -28.22253967444158 -28.62253967444158 -29.02253967444158 -29.422539674441577 -29.822539674441575 -30.222539674441574 -30.622539674441573 -31.02253967444157 -31.42253967444157 -31.82253967444157 -32.22253967444157 -32.62253967444157 -33.02253967444157 -33.422539674441566 -33.822539674441565 -34.22253967444156 -34.62253967444156 -35.02253967444156 -35.42253967444156 -35.82253967444156 -36.222539674441556 -36.622539674441555 -37.02253967444155 -37.42253967444155 -37.82253967444155 -38.22253967444155 -38.62253967444155 -39.022539674441546 -39.422539674441545 -39.82253967444154 -40.22253967444154 -40.62253967444154 -41.02253967444154 -41.42253967444154 -41.822539674441536 -42.222539674441535 -42.62253967444153 -43.02253967444153 -43.42253967444153 -43.82253967444153 -44.22253967444153 -1.7976931348623157E308 -1.7976931348623157E308 -6.925483399593903 -6.759797974644665 -6.594112549695427 -6.428427124746189 -6.262741699796951 -6.097056274847713 -5.931370849898475 -5.765685424949238 -5.6000000000000005 -5.765685424949238 -5.931370849898475 -6.097056274847713 -6.262741699796951 -6.428427124746189 
-32.15391052434005 -31.753910524340046 -31.353910524340048 -30.95391052434005 -30.55391052434005 -30.153910524340052 -29.753910524340053 -29.353910524340055 -28.953910524340056 -28.553910524340058 -28.15391052434006 -27.98822509939082 -27.822539674441582 -27.656854249492344 -27.822539674441582 -27.98822509939082 -28.38822509939082 -28.788225099390818 -29.188225099390817 -29.588225099390815 -29.988225099390814 -30.388225099390812 -30.78822509939081 -31.18822509939081 -31.588225099390808 -31.988225099390807 -32.38822509939081 -32.78822509939081 -33.188225099390806 -33.588225099390804 -33.9882250993908 -34.3882250993908 -34.7882250993908 -35.1882250993908 -35.5882250993908 -35.988225099390796 -36.388225099390795 -36.78822509939079 -37.18822509939079 -37.58822509939079 -37.98822509939079 -38.38822509939079 -38.788225099390786 -39.188225099390785 -39.58822509939078 -39.98822509939078 -40.38822509939078 -40.78822509939078 -41.18822509939078 -41.588225099390776 -41.988225099390775 -42.38822509939077 -42.78822509939077 -43.18822509939077 -43.58822509939077 -43.98822509939077 -44.388225099390766 -1.7976931348623157E308 -1.7976931348623157E308 -6.525483399593903 -6.359797974644665 -6.1941125496954275 -6.028427124746189 -5.862741699796951 -5.697056274847713 -5.531370849898475 -5.365685424949238 -5.2 -5.365685424949238 -5.531370849898475 -5.697056274847713 -5.862741699796951 -6.028427124746189 
-32.31959594928929 -31.919595949289285 -31.519595949289286 -31.119595949289288 -30.71959594928929 -30.31959594928929 -29.919595949289292 -29.519595949289293 -29.119595949289295 -28.719595949289296 -28.553910524340058 -28.38822509939082 -28.22253967444158 -28.056854249492343 -28.22253967444158 -28.38822509939082 -28.553910524340058 -28.953910524340056 -29.353910524340055 -29.753910524340053 -30.153910524340052 -30.55391052434005 -30.95391052434005 -31.353910524340048 -31.753910524340046 -32.15391052434005 -32.55391052434005 -32.953910524340046 -33.353910524340044 -33.75391052434004 -34.15391052434004 -34.55391052434004 -34.95391052434004 -35.35391052434004 -35.753910524340036 -36.153910524340034 -36.55391052434003 -36.95391052434003 -37.35391052434003 -37.75391052434003 -38.15391052434003 -38.553910524340026 -38.953910524340024 -39.35391052434002 -39.75391052434002 -40.15391052434002 -40.55391052434002 -40.95391052434002 -41.353910524340016 -41.753910524340014 -42.15391052434001 -42.55391052434001 -42.95391052434001 -43.35391052434001 -43.75391052434001 -44.153910524340006 -44.553910524340004 -1.7976931348623157E308 -1.7976931348623157E308 -6.125483399593904 -5.959797974644665 -5.794112549695427 -5.62842712474619 -5.462741699796951 -5.297056274847713 -5.131370849898476 -4.965685424949237 -4.8 -4.965685424949237 -5.131370849898476 -5.297056274847713 -5.462741699796951 -5.62842712474619 
-32.485281374238525 -32.08528137423853 -31.685281374238524 -31.285281374238526 -30.885281374238527 -30.48528137423853 -30.08528137423853 -29.68528137423853 -29.285281374238533 -29.119595949289295 -28.953910524340056 -28.788225099390818 -28.62253967444158 -28.45685424949234 -28.62253967444158 -28.788225099390818 -28.953910524340056 -29.119595949289295 -29.519595949289293 -29.919595949289292 -30.31959594928929 -30.71959594928929 -31.119595949289288 -31.519595949289286 -31.919595949289285 -32.31959594928929 -32.719595949289285 -33.119595949289284 -33.51959594928928 -33.91959594928928 -34.31959594928928 -34.71959594928928 -35.11959594928928 -35.519595949289275 -35.919595949289274 -36.31959594928927 -36.71959594928927 -37.11959594928927 -37.51959594928927 -37.91959594928927 -38.319595949289265 -38.719595949289264 -39.11959594928926 -39.51959594928926 -39.91959594928926 -40.31959594928926 -40.71959594928926 -41.119595949289256 -41.519595949289254 -41.91959594928925 -42.31959594928925 -42.71959594928925 -43.11959594928925 -43.51959594928925 -43.919595949289246 -44.319595949289244 -44.71959594928924 -1.7976931348623157E308 -1.7976931348623157E308 -5.725483399593903 -5.559797974644666 -5.394112549695428 -5.228427124746189 -5.062741699796952 -4.8970562748477136 -4.731370849898475 -4.565685424949238 -4.3999999999999995 -4.565685424949238 -4.731370849898475 -4.8970562748477136 -5.062741699796952 -5.228427124746189 
-32.65096679918776 -32.250966799187765 -31.850966799187763 -31.450966799187764 -31.050966799187766 -30.650966799187767 -30.25096679918777 -29.85096679918777 -29.68528137423853 -29.519595949289293 -29.353910524340055 -29.188225099390817 -29.02253967444158 -28.85685424949234 -29.02253967444158 -29.188225099390817 -29.353910524340055 -29.519595949289293 -29.68528137423853 -30.08528137423853 -30.48528137423853 -30.885281374238527 -31.285281374238526 -31.685281374238524 -32.08528137423853 -32.485281374238525 -32.885281374238524 -33.28528137423852 -33.68528137423852 -34.08528137423852 -34.48528137423852 -34.88528137423852 -35.285281374238515 -35.685281374238514 -36.08528137423851 -36.48528137423851 -36.88528137423851 -37.28528137423851 -37.68528137423851 -38.085281374238505 -38.485281374238504 -38.8852813742385 -39.2852813742385 -39.6852813742385 -40.0852813742385 -40.4852813742385 -40.885281374238495 -41.285281374238494 -41.68528137423849 -42.08528137423849 -42.48528137423849 -42.88528137423849 -43.28528137423849 -43.685281374238485 -44.085281374238484 -44.48528137423848 -44.88528137423848 -1.7976931348623157E308 -1.7976931348623157E308 -5.325483399593904 -5.159797974644666 -4.994112549695428 -4.82842712474619 -4.6627416997969515 -4.497056274847714 -4.331370849898476 -4.165685424949237 -3.9999999999999996 -4.165685424949237 -4.331370849898476 -4.497056274847714 -4.6627416997969515 -4.82842712474619 
-32.816652224137 -32.416652224137 -32.016652224137005 -31.616652224137002 -31.216652224137004 -30.816652224137005 -30.416652224137007 -30.25096679918777 -30.08528137423853 -29.919595949289292 -29.753910524340053 -29.588225099390815 -29.422539674441577 -29.25685424949234 -29.422539674441577 -29.588225099390815 -29.753910524340053 -29.919595949289292 -30.08528137423853 -30.25096679918777 -30.650966799187767 -31.050966799187766 -31.450966799187764 -31.850966799187763 -32.250966799187765 -32.65096679918776 -33.05096679918776 -33.45096679918776 -33.85096679918776 -34.25096679918776 -34.650966799187756 -35.050966799187755 -35.45096679918775 -35.85096679918775 -36.25096679918775 -36.65096679918775 -37.05096679918775 -37.450966799187746 -37.850966799187745 -38.250966799187744 -38.65096679918774 -39.05096679918774 -39.45096679918774 -39.85096679918774 -40.25096679918774 -40.650966799187735 -41.050966799187734 -41.45096679918773 -41.85096679918773 -42.25096679918773 -42.65096679918773 -43.05096679918773 -43.450966799187725 -43.850966799187724 -44.25096679918772 -44.65096679918772 -45.05096679918772 -1.7976931348623157E308 -1.7976931348623157E308 -4.9254833995939045 -4.759797974644666 -4.594112549695428 -4.42842712474619 -4.262741699796952 -4.097056274847714 -3.931370849898476 -3.7656854249492375 -3.5999999999999996 -3.7656854249492375 -3.931370849898476 -4.097056274847714 -4.262741699796952 -4.42842712474619 
-32.98233764908624 -32.58233764908624 -32.18233764908624 -31.78233764908624 -31.382337649086242 -30.982337649086244 -30.816652224137005 -30.650966799187767 -30.48528137423853 -30.31959594928929 -30.153910524340052 -29.988225099390814 -29.822539674441575 -29.656854249492337 -29.822539674441575 -29.988225099390814 -30.153910524340052 -30.31959594928929 -30.48528137423853 -30.650966799187767 -30.816652224137005 -31.216652224137004 -31.616652224137002 -32.016652224137005 -32.416652224137 -32.816652224137 -33.216652224137 -33.616652224137 -34.016652224137 -34.416652224136996 -34.816652224136995 -35.21665222413699 -35.61665222413699 -36.01665222413699 -36.41665222413699 -36.81665222413699 -37.216652224136986 -37.616652224136985 -38.01665222413698 -38.41665222413698 -38.81665222413698 -39.21665222413698 -39.61665222413698 -40.016652224136976 -40.416652224136975 -40.81665222413697 -41.21665222413697 -41.61665222413697 -42.01665222413697 -42.41665222413697 -42.816652224136966 -43.216652224136965 -43.61665222413696 -44.01665222413696 -44.41665222413696 -44.81665222413696 -45.21665222413696 -1.7976931348623157E308 -1.7976931348623157E308 -4.525483399593905 -4.359797974644667 -4.194112549695428 -4.02842712474619 -3.862741699796952 -3.697056274847714 -3.531370849898476 -3.3656854249492376 -3.1999999999999997 -3.3656854249492376 -3.531370849898476 -3.697056274847714 -3.862741699796952 -4.02842712474619 
-33.14802307403548 -32.74802307403548 -32.34802307403548 -31.94802307403548 -31.54802307403548 -31.382337649086242 -31.216652224137004 -31.050966799187766 -30.885281374238527 -30.71959594928929 -30.55391052434005 -30.388225099390812 -30.222539674441574 -30.056854249492336 -30.222539674441574 -30.388225099390812 -30.55391052434005 -30.71959594928929 -30.885281374238527 -31.050966799187766 -31.216652224137004 -31.382337649086242 -31.78233764908624 -32.18233764908624 -32.58233764908624 -32.98233764908624 -33.38233764908624 -33.78233764908624 -34.182337649086236 -34.582337649086234 -34.98233764908623 -35.38233764908623 -35.78233764908623 -36.18233764908623 -36.58233764908623 -36.982337649086226 -37.382337649086224 -37.78233764908622 -38.18233764908622 -38.58233764908622 -38.98233764908622 -39.38233764908622 -39.782337649086216 -40.182337649086215 -40.58233764908621 -40.98233764908621 -41.38233764908621 -41.78233764908621 -42.18233764908621 -42.582337649086206 -42.982337649086205 -43.3823376490862 -43.7823376490862 -44.1823376490862 -44.5823376490862 -44.9823376490862 -45.382337649086196 -1.7976931348623157E308 -1.7976931348623157E308 -4.359797974644667 -3.959797974644667 -3.794112549695429 -3.6284271247461906 -3.4627416997969522 -3.297056274847714 -3.131370849898476 -2.9656854249492377 -2.8 -2.9656854249492377 -3.131370849898476 -3.297056274847714 -3.4627416997969522 -3.6284271247461906 
-33.31370849898472 -32.91370849898472 -32.51370849898472 -32.11370849898472 -31.94802307403548 -31.78233764908624 -31.616652224137002 -31.450966799187764 -31.285281374238526 -31.119595949289288 -30.95391052434005 -30.78822509939081 -30.622539674441573 -30.456854249492334 -30.622539674441573 -30.78822509939081 -30.95391052434005 -31.119595949289288 -31.285281374238526 -31.450966799187764 -31.616652224137002 -31.78233764908624 -31.94802307403548 -32.34802307403548 -32.74802307403548 -33.14802307403548 -33.54802307403548 -33.948023074035476 -34.348023074035474 -34.74802307403547 -35.14802307403547 -35.54802307403547 -35.94802307403547 -36.34802307403547 -36.748023074035466 -37.148023074035464 -37.54802307403546 -37.94802307403546 -38.34802307403546 -38.74802307403546 -39.14802307403546 -39.548023074035456 -39.948023074035454 -40.34802307403545 -40.74802307403545 -41.14802307403545 -41.54802307403545 -41.94802307403545 -42.348023074035446 -42.748023074035444 -43.14802307403544 -43.54802307403544 -43.94802307403544 -44.34802307403544 -44.74802307403544 -45.148023074035436 -45.548023074035434 -1.7976931348623157E308 -1.7976931348623157E308 -4.194112549695428 -3.794112549695429 -3.394112549695429 -3.2284271247461906 -3.0627416997969523 -2.897056274847714 -2.731370849898476 -2.565685424949238 -2.4 -2.565685424949238 -2.731370849898476 -2.897056274847714 -3.0627416997969523 -3.2284271247461906 
-33.479393923933955 -33.07939392393396 -32.67939392393396 -32.51370849898472 -32.34802307403548 -32.18233764908624 -32.016652224137005 -31.850966799187763 -31.685281374238524 -31.519595949289286 -31.353910524340048 -31.18822509939081 -31.02253967444157 -30.856854249492333 -31.02253967444157 -31.18822509939081 -31.353910524340048 -31.519595949289286 -31.685281374238524 -31.850966799187763 -32.016652224137005 -32.18233764908624 -32.34802307403548 -32.51370849898472 -32.91370849898472 -33.31370849898472 -33.713708498984715 -34.113708498984714 -34.51370849898471 -34.91370849898471 -35.31370849898471 -35.71370849898471 -36.11370849898471 -36.513708498984705 -36.913708498984704 -37.3137084989847 -37.7137084989847 -38.1137084989847 -38.5137084989847 -38.9137084989847 -39.313708498984695 -39.713708498984694 -40.11370849898469 -40.51370849898469 -40.91370849898469 -41.31370849898469 -41.71370849898469 -42.113708498984685 -42.513708498984684 -42.91370849898468 -43.31370849898468 -43.71370849898468 -44.11370849898468 -44.51370849898468 -44.913708498984676 -45.313708498984674 -45.71370849898467 -1.7976931348623157E308 -1.7976931348623157E308 -4.02842712474619 -3.6284271247461906 -3.2284271247461906 -2.8284271247461907 -2.6627416997969524 -2.497056274847714 -2.331370849898476 -2.165685424949238 -2.0 -2.165685424949238 -2.331370849898476 -2.497056274847714 -2.6627416997969524 -2.8284271247461907 
-33.64507934888319 -33.245079348883195 -33.07939392393396 -32.91370849898472 -32.74802307403548 -32.58233764908624 -32.416652224137 -32.250966799187765 -32.08528137423853 -31.919595949289285 -31.753910524340046 -31.588225099390808 -31.42253967444157 -31.25685424949233 -31.42253967444157 -31.588225099390808 -31.753910524340046 -31.919595949289285 -32.08528137423853 -32.250966799187765 -32.416652224137 -32.58233764908624 -32.74802307403548 -32.91370849898472 -33.07939392393396 -33.479393923933955 -33.879393923933954 -34.27939392393395 -34.67939392393395 -35.07939392393395 -35.47939392393395 -35.87939392393395 -36.279393923933945 -36.679393923933944 -37.07939392393394 -37.47939392393394 -37.87939392393394 -38.27939392393394 -38.67939392393394 -39.079393923933935 -39.479393923933934 -39.87939392393393 -40.27939392393393 -40.67939392393393 -41.07939392393393 -41.47939392393393 -41.879393923933925 -42.279393923933924 -42.67939392393392 -43.07939392393392 -43.47939392393392 -43.87939392393392 -44.27939392393392 -44.679393923933915 -45.079393923933914 -45.47939392393391 -45.87939392393391 -1.7976931348623157E308 -1.7976931348623157E308 -3.862741699796952 -3.4627416997969522 -3.0627416997969523 -2.6627416997969524 -2.2627416997969525 -2.097056274847714 -1.9313708498984763 -1.765685424949238 -1.6 -1.765685424949238 -1.9313708498984763 -2.097056274847714 -2.2627416997969525 -2.6627416997969524 
-33.81076477383243 -33.64507934888319 -33.479393923933955 -33.31370849898472 -33.14802307403548 -32.98233764908624 -32.816652224137 -32.65096679918776 -32.485281374238525 -32.31959594928929 -32.15391052434005 -31.988225099390807 -31.82253967444157 -31.65685424949233 -31.82253967444157 -31.988225099390807 -32.15391052434005 -32.31959594928929 -32.485281374238525 -32.65096679918776 -32.816652224137 -32.98233764908624 -33.14802307403548 -33.31370849898472 -33.479393923933955 -33.64507934888319 -34.04507934888319 -34.44507934888319 -34.84507934888319 -35.24507934888319 -35.645079348883186 -36.045079348883185 -36.44507934888318 -36.84507934888318 -37.24507934888318 -37.64507934888318 -38.04507934888318 -38.445079348883176 -38.845079348883175 -39.24507934888317 -39.64507934888317 -40.04507934888317 -40.44507934888317 -40.84507934888317 -41.245079348883166 -41.645079348883165 -42.045079348883164 -42.44507934888316 -42.84507934888316 -43.24507934888316 -43.64507934888316 -44.04507934888316 -44.445079348883155 -44.845079348883154 -45.24507934888315 -45.64507934888315 -46.04507934888315 -1.7976931348623157E308 -1.7976931348623157E308 -3.697056274847714 -3.297056274847714 -2.897056274847714 -2.497056274847714 -2.097056274847714 -1.6970562748477143 -1.5313708498984764 -1.365685424949238 -1.2000000000000002 -1.365685424949238 -1.5313708498984764 -1.6970562748477143 -2.097056274847714 -2.497056274847714 
