<?xml version="1.0" encoding="UTF-8" standalone="yes"?>
<output>
    <algorithm>eDijkstra</algorithm>
    <cellsize>50.0cm</cellsize>
    <deviation>0.11686</deviation>
    <distanceMap>-19.79898987322333 -19.59188309203678 -19.384776310850235 -19.17766952966369 -18.97056274847714 -18.763455967290593 -18.556349186104047 -18.349242404917497 -18.14213562373095 -17.935028842544405 -17.727922061357855 -17.52081528017131 -17.313708498984763 -17.106601717798213 -16.899494936611667 -16.69238815542512 -16.48528137423857 -16.278174593052025 -16.071067811865476 -15.86396103067893 -15.656854249492381 -15.449747468305834 -15.242640687119286 -15.035533905932738 -14.82842712474619 -14.621320343559642 -14.414213562373096 -14.207106781186548 -14.0 
-19.59188309203678 -19.091883092036785 -18.884776310850235 -18.67766952966369 -18.470562748477143 -18.263455967290593 -18.056349186104047 -17.8492424049175 -17.64213562373095 -17.435028842544405 -17.22792206135786 -17.02081528017131 -16.813708498984763 -16.606601717798217 -16.399494936611667 -16.19238815542512 -15.985281374238573 -15.778174593052025 -15.571067811865477 -15.36396103067893 -15.156854249492381 -14.949747468305834 -14.742640687119286 -14.535533905932738 -14.32842712474619 -14.121320343559642 -13.914213562373096 -13.707106781186548 -13.5 
-19.384776310850235 -18.884776310850235 -18.38477631085024 -18.17766952966369 -17.970562748477143 -17.763455967290597 -17.556349186104047 -17.3492424049175 -17.142135623730955 -16.935028842544405 -16.72792206135786 -16.520815280171313 -16.313708498984763 -16.106601717798217 -15.899494936611669 -15.692388155425121 -15.485281374238573 -15.278174593052025 -15.071067811865477 -14.86396103067893 -14.656854249492381 -14.449747468305834 -14.242640687119286 -14.035533905932738 -13.82842712474619 -13.621320343559642 -13.414213562373096 -13.207106781186548 -13.0 
-19.17766952966369 -18.67766952966369 -18.17766952966369 -17.677669529663692 -17.470562748477143 -17.263455967290597 -17.05634918610405 -16.8492424049175 -16.642135623730955 -16.43502884254441 -16.22792206135786 -16.020815280171313 -15.813708498984765 -15.606601717798217 -15.399494936611669 -15.192388155425121 -14.985281374238573 -14.778174593052025 -14.571067811865477 -14.36396103067893 -14.156854249492381 -13.949747468305834 -13.742640687119286 -13.535533905932738 -13.32842712474619 -13.121320343559642 -12.914213562373096 -12.707106781186548 -12.5 
-18.97056274847714 -18.470562748477143 -17.970562748477143 -17.470562748477143 -16.970562748477146 -16.763455967290597 -16.55634918610405 -16.349242404917504 -16.142135623730955 -15.935028842544408 -15.72792206135786 -15.520815280171313 -15.313708498984765 -15.106601717798217 -14.899494936611669 -14.692388155425121 -14.485281374238573 -14.278174593052025 -14.071067811865477 -13.86396103067893 -13.656854249492381 -13.449747468305834 -13.242640687119286 -13.035533905932738 -12.82842712474619 -12.621320343559642 -12.414213562373096 -12.207106781186548 -12.0 
-18.763455967290593 -18.263455967290593 -17.763455967290597 -17.263455967290597 -16.763455967290597 -16.2634559672906 -16.05634918610405 -15.849242404917504 -15.642135623730956 -15.435028842544408 -15.22792206135786 -15.020815280171313 -14.813708498984765 -14.606601717798217 -14.399494936611669 -14.192388155425121 -13.985281374238573 -13.778174593052025 -13.571067811865477 -13.36396103067893 -13.156854249492381 -12.949747468305834 -12.742640687119286 -12.535533905932738 -12.32842712474619 -12.121320343559642 -11.914213562373096 -11.707106781186548 -11.5 
-18.556349186104047 -18.056349186104047 -17.556349186104047 -17.05634918610405 -16.55634918610405 -16.05634918610405 -15.556349186104052 -15.349242404917504 -15.142135623730956 -14.935028842544408 -14.72792206135786 -14.520815280171313 -14.313708498984765 -14.106601717798217 -13.899494936611669 -13.692388155425121 -13.485281374238573 -13.278174593052025 -13.071067811865477 -12.86396103067893 -12.656854249492381 -12.449747468305834 -12.242640687119286 -12.035533905932738 -11.82842712474619 -11.621320343559642 -11.414213562373096 -11.207106781186548 -11.0 
-18.349242404917497 -17.8492424049175 -17.3492424049175 -16.8492424049175 -16.349242404917504 -15.849242404917504 -15.349242404917504 -14.849242404917504 -14.642135623730956 -14.435028842544408 -14.22792206135786 -14.020815280171313 -13.813708498984765 -13.606601717798217 -13.399494936611669 -13.192388155425121 -12.985281374238573 -12.778174593052025 -12.571067811865477 -12.36396103067893 -12.156854249492381 -11.949747468305834 -11.742640687119286 -11.535533905932738 -11.32842712474619 -11.121320343559642 -10.914213562373096 -10.707106781186548 -10.5 
-18.14213562373095 -17.64213562373095 -17.142135623730955 -16.642135623730955 -16.142135623730955 -15.642135623730956 -15.142135623730956 -14.642135623730956 -14.142135623730956 -13.935028842544408 -13.72792206135786 -13.520815280171313 -13.313708498984765 -13.106601717798217 -12.899494936611669 -12.692388155425121 -12.485281374238573 -12.278174593052025 -12.071067811865477 -11.86396103067893 -11.656854249492381 -11.449747468305834 -11.242640687119286 -11.035533905932738 -10.82842712474619 -10.621320343559642 -10.414213562373096 -10.207106781186548 -10.0 
-17.935028842544405 -17.435028842544405 -16.935028842544405 -16.43502884254441 -15.935028842544408 -15.435028842544408 -14.935028842544408 -14.435028842544408 -13.935028842544408 -13.435028842544408 -13.22792206135786 -13.020815280171313 -12.813708498984765 -12.606601717798217 -12.399494936611669 -12.192388155425121 -11.985281374238573 -11.778174593052025 -11.571067811865477 -11.36396103067893 -11.156854249492381 -10.949747468305834 -10.742640687119286 -10.535533905932738 -10.32842712474619 -10.121320343559642 -9.914213562373096 -9.707106781186548 -9.5 
-17.727922061357855 -17.22792206135786 -16.72792206135786 -16.22792206135786 -15.72792206135786 -15.22792206135786 -14.72792206135786 -14.22792206135786 -13.72792206135786 -13.22792206135786 -12.72792206135786 -12.520815280171313 -12.313708498984765 -12.106601717798217 -11.899494936611669 -11.692388155425121 -11.485281374238573 -11.278174593052025 -11.071067811865477 -10.86396103067893 -10.656854249492381 -10.449747468305834 -10.242640687119286 -10.035533905932738 -9.82842712474619 -9.621320343559642 -9.414213562373096 -9.207106781186548 -9.0 
-17.52081528017131 -17.02081528017131 -16.520815280171313 -16.020815280171313 -15.520815280171313 -15.020815280171313 -14.520815280171313 -14.020815280171313 -13.520815280171313 -13.020815280171313 -12.520815280171313 -12.020815280171313 -11.813708498984765 -11.606601717798217 -11.399494936611669 -11.192388155425121 -10.985281374238573 -10.778174593052025 -10.571067811865477 -10.36396103067893 -10.156854249492381 -9.949747468305834 -9.742640687119286 -9.535533905932738 -9.32842712474619 -9.121320343559642 -8.914213562373096 -8.707106781186548 -8.5 
-17.313708498984763 -16.813708498984763 -16.313708498984763 -15.813708498984765 -15.313708498984765 -14.813708498984765 -14.313708498984765 -13.813708498984765 -13.313708498984765 -12.813708498984765 -12.313708498984765 -11.813708498984765 -11.313708498984765 -11.106601717798217 -10.899494936611669 -10.692388155425121 -10.485281374238573 -10.278174593052025 -10.071067811865477 -9.86396103067893 -9.656854249492381 -9.449747468305834 -9.242640687119286 -9.035533905932738 -8.82842712474619 -8.621320343559642 -8.414213562373096 -8.207106781186548 -8.0 
-17.106601717798213 -16.606601717798217 -16.106601717798217 -15.606601717798217 -15.106601717798217 -14.606601717798217 -14.106601717798217 -13.606601717798217 -13.106601717798217 -12.606601717798217 -12.106601717798217 -11.606601717798217 -11.106601717798217 -10.606601717798217 -10.399494936611669 -10.192388155425121 -9.985281374238573 -9.778174593052025 -9.571067811865477 -9.36396103067893 -9.156854249492381 -8.949747468305834 -8.742640687119286 -8.535533905932738 -8.32842712474619 -8.121320343559642 -7.914213562373095 -7.707106781186548 -7.5 
-16.899494936611667 -16.399494936611667 -15.899494936611669 -15.399494936611669 -14.899494936611669 -14.399494936611669 -13.899494936611669 -13.399494936611669 -12.899494936611669 -12.399494936611669 -11.899494936611669 -11.399494936611669 -10.899494936611669 -10.399494936611669 -9.899494936611669 -9.692388155425121 -9.485281374238573 -9.278174593052025 -9.071067811865477 -8.86396103067893 -8.656854249492381 -8.449747468305834 -8.242640687119286 -8.035533905932738 -7.82842712474619 -7.621320343559642 -7.414213562373095 -7.207106781186548 -7.0 
-16.69238815542512 -16.19238815542512 -15.692388155425121 -15.192388155425121 -14.692388155425121 -14.192388155425121 -13.692388155425121 -13.192388155425121 -12.692388155425121 -12.192388155425121 -11.692388155425121 -11.192388155425121 -10.692388155425121 -10.192388155425121 -9.692388155425121 -9.192388155425121 -8.985281374238573 -8.778174593052025 -8.571067811865477 -8.36396103067893 -8.156854249492381 -7.949747468305834 -7.742640687119286 -7.535533905932738 -7.32842712474619 -7.121320343559642 -6.914213562373095 -6.707106781186548 -6.5 
-16.48528137423857 -15.985281374238573 -15.485281374238573 -14.985281374238573 -14.485281374238573 -13.985281374238573 -13.485281374238573 -12.985281374238573 -12.485281374238573 -11.985281374238573 -11.485281374238573 -10.985281374238573 -10.485281374238573 -9.985281374238573 -9.485281374238573 -8.985281374238573 -8.485281374238573 -8.278174593052025 -8.071067811865477 -7.863961030678929 -7.6568542494923815 -7.449747468305834 -7.242640687119286 -7.035533905932738 -6.82842712474619 -6.621320343559642 -6.414213562373095 -6.207106781186548 -6.0 
-16.278174593052025 -15.778174593052025 -15.278174593052025 -14.778174593052025 -14.278174593052025 -13.778174593052025 -13.278174593052025 -12.778174593052025 -12.278174593052025 -11.778174593052025 -11.278174593052025 -10.778174593052025 -10.278174593052025 -9.778174593052025 -9.278174593052025 -8.778174593052025 -8.278174593052025 -7.778174593052025 -7.571067811865477 -7.363961030678929 -7.1568542494923815 -6.949747468305834 -6.742640687119286 -6.535533905932738 -6.32842712474619 -6.121320343559642 -5.914213562373095 -5.707106781186548 -5.5 
-16.071067811865476 -15.571067811865477 -15.071067811865477 -14.571067811865477 -14.071067811865477 -13.571067811865477 -13.071067811865477 -12.571067811865477 -12.071067811865477 -11.571067811865477 -11.071067811865477 -10.571067811865477 -10.071067811865477 -9.571067811865477 -9.071067811865477 -8.571067811865477 -8.071067811865477 -7.571067811865477 -7.071067811865477 -6.863961030678929 -6.6568542494923815 -6.449747468305834 -6.242640687119286 -6.035533905932738 -5.82842712474619 -5.621320343559642 -5.414213562373095 -5.207106781186548 -5.0 
-15.86396103067893 -15.36396103067893 -14.86396103067893 -14.36396103067893 -13.86396103067893 -13.36396103067893 -12.86396103067893 -12.36396103067893 -11.86396103067893 -11.36396103067893 -10.86396103067893 -10.36396103067893 -9.86396103067893 -9.36396103067893 -8.86396103067893 -8.36396103067893 -7.863961030678929 -7.363961030678929 -6.863961030678929 -6.363961030678929 -6.1568542494923815 -5.949747468305834 -5.742640687119286 -5.535533905932738 -5.32842712474619 -5.121320343559642 -4.914213562373095 -4.707106781186548 -4.5 
-15.656854249492381 -15.156854249492381 -14.656854249492381 -14.156854249492381 -13.656854249492381 -13.156854249492381 -12.656854249492381 -12.156854249492381 -11.656854249492381 -11.156854249492381 -10.656854249492381 -10.156854249492381 -9.656854249492381 -9.156854249492381 -8.656854249492381 -8.156854249492381 -7.6568542494923815 -7.1568542494923815 -6.6568542494923815 -6.1568542494923815 -5.6568542494923815 -5.449747468305834 -5.242640687119286 -5.035533905932738 -4.82842712474619 -4.621320343559642 -4.414213562373095 -4.207106781186548 -4.0 
-15.449747468305834 -14.949747468305834 -14.449747468305834 -13.949747468305834 -13.449747468305834 -12.949747468305834 -12.449747468305834 -11.949747468305834 -11.449747468305834 -10.949747468305834 -10.449747468305834 -9.949747468305834 -9.449747468305834 -8.949747468305834 -8.449747468305834 -7.949747468305834 -7.449747468305834 -6.949747468305834 -6.449747468305834 -5.949747468305834 -5.449747468305834 -4.949747468305834 -4.742640687119286 -4.535533905932738 -4.32842712474619 -4.121320343559642 -3.914213562373095 -3.7071067811865475 -3.5 
-15.242640687119286 -14.742640687119286 -14.242640687119286 -13.742640687119286 -13.242640687119286 -12.742640687119286 -12.242640687119286 -11.742640687119286 -11.242640687119286 -10.742640687119286 -10.242640687119286 -9.742640687119286 -9.242640687119286 -8.742640687119286 -8.242640687119286 -7.742640687119286 -7.242640687119286 -6.742640687119286 -6.242640687119286 -5.742640687119286 -5.242640687119286 -4.742640687119286 -4.242640687119286 -4.035533905932738 -3.82842712474619 -3.6213203435596424 -3.414213562373095 -3.2071067811865475 -3.0 
-15.035533905932738 -14.535533905932738 -14.035533905932738 -13.535533905932738 -13.035533905932738 -12.535533905932738 -12.035533905932738 -11.535533905932738 -11.035533905932738 -10.535533905932738 -10.035533905932738 -9.535533905932738 -9.035533905932738 -8.535533905932738 -8.035533905932738 -7.535533905932738 -7.035533905932738 -6.535533905932738 -6.035533905932738 -5.535533905932738 -5.035533905932738 -4.535533905932738 -4.035533905932738 -3.5355339059327378 -3.32842712474619 -3.1213203435596424 -2.914213562373095 -2.7071067811865475 -2.5 
-14.82842712474619 -14.32842712474619 -13.82842712474619 -13.32842712474619 -12.82842712474619 -12.32842712474619 -11.82842712474619 -11.32842712474619 -10.82842712474619 -10.32842712474619 -9.82842712474619 -9.32842712474619 -8.82842712474619 -8.32842712474619 -7.82842712474619 -7.32842712474619 -6.82842712474619 -6.32842712474619 -5.82842712474619 -5.32842712474619 -4.82842712474619 -4.32842712474619 -3.82842712474619 -3.32842712474619 -2.8284271247461903 -2.6213203435596424 -2.414213562373095 -2.2071067811865475 -2.0 
-14.621320343559642 -14.121320343559642 -13.621320343559642 -13.121320343559642 -12.621320343559642 -12.121320343559642 -11.621320343559642 -11.121320343559642 -10.621320343559642 -10.121320343559642 -9.621320343559642 -9.121320343559642 -8.621320343559642 -8.121320343559642 -7.621320343559642 -7.121320343559642 -6.621320343559642 -6.121320343559642 -5.621320343559642 -5.121320343559642 -4.621320343559642 -4.121320343559642 -3.6213203435596424 -3.1213203435596424 -2.6213203435596424 -2.121320343559643 -1.914213562373095 -1.7071067811865475 -1.5 
-14.414213562373096 -13.914213562373096 -13.414213562373096 -12.914213562373096 -12.414213562373096 -11.914213562373096 -11.414213562373096 -10.914213562373096 -10.414213562373096 -9.914213562373096 -9.414213562373096 -8.914213562373096 -8.414213562373096 -7.914213562373095 -7.414213562373095 -6.914213562373095 -6.414213562373095 -5.914213562373095 -5.414213562373095 -4.914213562373095 -4.414213562373095 -3.914213562373095 -3.414213562373095 -2.914213562373095 -2.414213562373095 -1.914213562373095 -1.4142135623730951 -1.2071067811865475 -1.0 
-14.207106781186548 -13.707106781186548 -13.207106781186548 -12.707106781186548 -12.207106781186548 -11.707106781186548 -11.207106781186548 -10.707106781186548 -10.207106781186548 -9.707106781186548 -9.207106781186548 -8.707106781186548 -8.207106781186548 -7.707106781186548 -7.207106781186548 -6.707106781186548 -6.207106781186548 -5.707106781186548 -5.207106781186548 -4.707106781186548 -4.207106781186548 -3.7071067811865475 -3.2071067811865475 -2.7071067811865475 -2.2071067811865475 -1.7071067811865475 -1.2071067811865475 -0.7071067811865476 -0.5 
-14.0 -13.5 -13.0 -12.5 -12.0 -11.5 -11.0 -10.5 -10.0 -9.5 -9.0 -8.5 -8.0 -7.5 -7.0 -6.5 -6.0 -5.5 -5.0 -4.5 -4.0 -3.5 -3.0 -2.5 -2.0 -1.5 -1.0 -0.5 0.0 
</distanceMap>
    <fieldHeight>29</fieldHeight>
    <fieldWidth>29</fieldWidth>
    <fieldmap>00000000000000000000000000000
00000000000000000000000000000
00000000000000000000000000000
00000000000000000000000000000
00000000000000000000000000000
00000000000000000000000000000
00000000000000000000000000000
00000000000000000000000000000
00000000000000000000000000000
00000000000000000000000000000
00000000000000000000000000000
00000000000000000000000000000
00000000000000000000000000000
00000000000000000000000000000
00000000000000000000000000000
00000000000000000000000000000
00000000000000000000000000000
00000000000000000000000000000
00000000000000000000000000000
00000000000000000000000000000
00000000000000000000000000000
00000000000000000000000000000
00000000000000000000000000000
00000000000000000000000000000
00000000000000000000000000000
00000000000000000000000000000
00000000000000000000000000000
00000000000000000000000000000
00000000000000000000000000000
</fieldmap>
    <freeFlowVelocity>1.2174634915453046</freeFlowVelocity>
    <name>output</name>
    <targets>
        <x>28</x>
        <y>28</y>
    </targets>
</output>
