<?xml version="1.0" encoding="UTF-8" standalone="yes"?>
<output>
    <algorithm>eEuclid</algorithm>
    <cellsize>200.0cm</cellsize>
    <deviation>0.11686</deviation>
    <distanceMap>-19.79898987322333 -18.439088914585774 -17.204650534085253 -16.1245154965971 -15.231546211727817 -14.560219778561036 -14.142135623730951 -14.0 
-18.439088914585774 -16.97056274847714 -15.620499351813308 -14.422205101855956 -13.416407864998739 -12.649110640673518 -12.165525060596439 -12.0 
-17.204650534085253 -15.620499351813308 -14.142135623730951 -12.806248474865697 -11.661903789690601 -10.770329614269007 -10.198039027185569 -10.0 
-16.1245154965971 -14.422205101855956 -12.806248474865697 -11.313708498984761 -10.0 -8.94427190999916 -8.246211251235321 -8.0 
-15.231546211727817 -13.416407864998739 -11.661903789690601 -10.0 -8.48528137423857 -7.211102550927978 -6.324555320336759 -6.0 
-14.560219778561036 -12.649110640673518 -10.770329614269007 -8.94427190999916 -7.211102550927978 -5.656854249492381 -4.47213595499958 -4.0 
-14.142135623730951 -12.165525060596439 -10.198039027185569 -8.246211251235321 -6.324555320336759 -4.47213595499958 -2.8284271247461903 -2.0 
-14.0 -12.0 -10.0 -8.0 -6.0 -4.0 -2.0 -0.0 
</distanceMap>
    <fieldHeight>8</fieldHeight>
    <fieldWidth>8</fieldWidth>
    <fieldmap>00000000
00000000
00000000
00000000
00000000
00000000
00000000
00000000
</fieldmap>
    <freeFlowVelocity>1.2174634915453046</freeFlowVelocity>
    <fromX>0</fromX>
    <fromY>0</fromY>
    <name>output</name>
    <targets>
        <x>7</x>
        <y>7</y>
    </targets>
    <toX>0</toX>
    <toY>0</toY>
</output>
