<?xml version="1.0" encoding="UTF-8" standalone="yes"?>
<output>
    <distanceMap>-79.47955712005447 -78.54934754662193 -77.62087348130012 -76.69419795525604 -75.76938695805846 -74.84650960465692 -73.92563831310488 -73.00684899377592 -72.09022125087424 -71.17583859709698 -70.26378868236469 -69.35416353759881 -68.4470598345904 -67.54257916307313 -66.64082832618455 -65.7419196555744 -64.8459713474939 -63.953107821277925 -63.06346010171025 -62.177166226839255 -61.29437168288782 -60.41522986797286 -59.53990258641679 -58.66856057549052 -57.8013840664737 -56.938563381947034 -56.08029957123981 -55.226805085936306 -54.378304497290095 -53.53503525729669 -52.69724850502159 -51.86520991955976 -51.03920062069938 -50.21951811795888 -49.4064773081425 -48.60041152089147 -47.80167361086848 -47.01063709417264 -46.22769732530488 -45.45327270945405 -44.68780594300866 -43.93176527297759 -43.18564576337837 -42.44997055358225 -41.72529209005013 -41.012193308819754 -40.311288741492746 -39.6232255123179 -38.948684188300895 -38.28837943815329 -37.64306044943742 -37.013511046643494 -36.40054944640259 -35.805027579936315 -35.22782990761707 -34.66987164671943 -34.132096331752024 -33.61547262794322 -33.12099032335839 -32.64965543462902 -32.202484376209235 -31.78049716414141 -31.38470965295043 -31.016124838541646 -30.675723300355934 -30.364452901377952 -30.083217912982647 -29.832867780352597 -29.614185789921695 -29.427877939124322 -29.274562336608895 -29.154759474226502 -29.068883707497267 -29.017236257093817 -29.0 -29.017236257093817 -29.068883707497267 -29.154759474226502 -29.274562336608895 -29.427877939124322 -29.614185789921695 -29.832867780352597 -30.083217912982647 -30.364452901377952 -30.675723300355934 -31.016124838541646 -31.38470965295043 -31.78049716414141 -32.202484376209235 -32.64965543462902 -33.12099032335839 -33.61547262794322 -34.132096331752024 -34.66987164671943 -35.22782990761707 -35.805027579936315 -36.40054944640259 -37.013511046643494 -37.64306044943742 -38.28837943815329 -38.948684188300895 -39.6232255123179 -40.311288741492746 -41.012193308819754 -41.72529209005013 -42.44997055358225 -43.18564576337837 -43.93176527297759 -44.68780594300866 -45.45327270945405 
-79.12016177940993 -78.18567643756751 -77.25283166331187 -76.32168761236873 -75.39230729988306 -74.46475676452586 -73.53910524340094 -72.61542535852834 -71.69379331573968 -70.77428911688199 -69.85699678629192 -68.94200461257273 -68.0294054067798 -67.11929677819934 -66.2117814289874 -65.30696746902278 -64.40496875241847 -63.50590523722971 -62.609903369994115 -61.71709649683789 -60.8276253029822 -59.941638282582836 -59.0592922409336 -58.180752831155424 -57.30619512757761 -56.43580423808985 -55.569775957799216 -54.70831746635972 -53.85164807134504 -53.0 -52.15361924162119 -51.31276644267 -50.47771785649585 -49.64876634922564 -48.82622246293481 -48.010415536631214 -47.20169488482379 -46.400431032480725 -45.60701700396552 -44.82186966202994 -44.04543109109048 -43.278170016764804 -42.5205832509386 -41.773197148410844 -41.036569057366385 -40.311288741492746 -39.59797974644666 -38.897300677553446 -38.2099463490856 -37.53664875824692 -36.87817782917155 -36.235341863986875 -35.608987629529715 -35.0 -34.40930106817051 -33.83784863137726 -33.28663395418648 -32.7566787083184 -32.2490309931942 -31.76476034853718 -31.304951684997057 -30.870698080866262 -30.463092423455635 -30.083217912982647 -29.732137494637012 -29.410882339705484 -29.120439557122072 -28.861739379323623 -28.635642126552707 -28.442925306655784 -28.284271247461902 -28.160255680657446 -28.071337695236398 -28.0178514522438 -28.0 -28.0178514522438 -28.071337695236398 -28.160255680657446 -28.284271247461902 -28.442925306655784 -28.635642126552707 -28.861739379323623 -29.120439557122072 -29.410882339705484 -29.732137494637012 -30.083217912982647 -30.463092423455635 -30.870698080866262 -31.304951684997057 -31.76476034853718 -32.2490309931942 -32.7566787083184 -33.28663395418648 -33.83784863137726 -34.40930106817051 -35.0 -35.608987629529715 -36.235341863986875 -36.87817782917155 -37.53664875824692 -38.2099463490856 -38.897300677553446 -39.59797974644666 -40.311288741492746 -41.036569057366385 -41.773197148410844 -42.5205832509386 -43.278170016764804 -44.04543109109048 -44.82186966202994 
-78.77182237323191 -77.83315488916018 -76.89603370785778 -75.96051605933177 -75.02666192761077 -74.09453421137081 -73.16419889536138 -72.2357252334328 -71.30918594402827 -70.3846574190711 -69.46221994724903 -68.54195795277518 -67.62396025078685 -66.70832032063167 -65.79513659838392 -64.88451279003334 -63.97655820689325 -63.071388124885914 -62.16912416947821 -61.26989472816156 -60.37383539249432 -59.481089431852205 -58.59180830116101 -57.706152185014034 -56.824290580701486 -55.94640292279746 -55.072679252057455 -54.20332093147061 -53.33854141237835 -52.478567053607705 -51.62363799656123 -50.774009099144415 -49.92995093127971 -49.09175083453431 -48.25971404805462 -47.43416490252569 -46.61544808322666 -45.803929962395145 -45.0 -44.204072210600685 -43.41658669218482 -42.638011210655684 -41.86884283091664 -41.10960958218893 -40.36087214122113 -39.6232255123179 -38.897300677553446 -38.18376618407357 -37.48332962798263 -36.796738985948195 -36.124783736376884 -35.4682957019364 -34.828149534535996 -34.20526275297414 -33.60059523282288 -33.015148038438355 -32.449961479175904 -31.906112267087632 -31.38470965295043 -30.886890422961002 -30.4138126514911 -29.966648127543394 -29.546573405388315 -29.154759474226502 -28.792360097775937 -28.460498941515414 -28.160255680657446 -27.892651361962706 -27.65863337187866 -27.459060435491963 -27.294688127912362 -27.16615541441225 -27.073972741361768 -27.018512172212592 -27.0 -27.018512172212592 -27.073972741361768 -27.16615541441225 -27.294688127912362 -27.459060435491963 -27.65863337187866 -27.892651361962706 -28.160255680657446 -28.460498941515414 -28.792360097775937 -29.154759474226502 -29.546573405388315 -29.966648127543394 -30.4138126514911 -30.886890422961002 -31.38470965295043 -31.906112267087632 -32.449961479175904 -33.015148038438355 -33.60059523282288 -34.20526275297414 -34.828149534535996 -35.4682957019364 -36.124783736376884 -36.796738985948195 -37.48332962798263 -38.18376618407357 -38.897300677553446 -39.6232255123179 -40.36087214122113 -41.10960958218893 -41.86884283091664 -42.638011210655684 -43.41658669218482 -44.204072210600685 
-78.43468620451031 -77.4919350642375 -76.55063683601855 -75.61084578286372 -74.67261881037788 -73.7360156233031 -72.80109889280519 -71.8679344353238 -70.9365914038728 -70.00714249274856 -69.07966415668217 -68.15423684555495 -67.23094525588644 -66.30987860040162 -65.39113089708727 -64.47480127925948 -63.56099432828282 -62.64982043070834 -61.741396161732524 -60.83584469702052 -59.93329625508679 -59.033888572581766 -58.137767414994535 -57.245087125446844 -56.356011214421486 -55.47071299343465 -54.589376255824725 -53.71219600798314 -52.839379254491625 -51.97114584074513 -51.10772935672255 -50.24937810560445 -49.39635614091387 -48.54894437575342 -47.70744176750625 -46.87216658103186 -46.04345773288535 -45.221676218380054 -44.40720662234904 -43.60045871318328 -42.80186911806539 -42.01190307520001 -41.23105625617661 -40.45985664828782 -39.698866482558415 -38.948684188300895 -38.2099463490856 -37.48332962798263 -36.76955262170047 -36.069377593742864 -35.38361202590826 -34.713109915419565 -34.058772731852805 -33.421549934136806 -32.802438933713454 -32.202484376209235 -31.622776601683793 -31.064449134018133 -30.528675044947494 -30.01666203960727 -29.5296461204668 -29.068883707497267 -28.635642126552707 -28.231188426986208 -27.85677655436824 -27.51363298439521 -27.202941017470888 -26.92582403567252 -26.68332812825267 -26.476404589747453 -26.30589287593181 -26.1725046566048 -26.076809620810597 -26.019223662515376 -26.0 -26.019223662515376 -26.076809620810597 -26.1725046566048 -26.30589287593181 -26.476404589747453 -26.68332812825267 -26.92582403567252 -27.202941017470888 -27.51363298439521 -27.85677655436824 -28.231188426986208 -28.635642126552707 -29.068883707497267 -29.5296461204668 -30.01666203960727 -30.528675044947494 -31.064449134018133 -31.622776601683793 -32.202484376209235 -32.802438933713454 -33.421549934136806 -34.058772731852805 -34.713109915419565 -35.38361202590826 -36.069377593742864 -36.76955262170047 -37.48332962798263 -38.2099463490856 -38.948684188300895 -39.698866482558415 -40.45985664828782 -41.23105625617661 -42.01190307520001 -42.80186911806539 -43.60045871318328 
-78.10889834071403 -77.1621668954417 -76.21679604916491 -75.27283706623525 -74.33034373659252 -73.38937252763509 -72.44998274671983 -71.5122367151245 -70.57619995437555 -69.6419413859206 -68.70953354520753 -67.77905281132217 -66.85057965343307 -65.92419889539804 -65.0 -64.07807737440318 -63.15853069855251 -62.24146527838174 -61.326992425847855 -60.41522986797286 -59.50630218724736 -58.60034129593445 -57.697486947006624 -56.79788728465171 -55.90169943749474 -55.00909015790027 -54.120236510939236 -53.23532661682466 -52.354560450833695 -51.478150704935004 -50.60632371551998 -49.73932046178355 -48.877397639399746 -48.02082881417188 -47.16990566028302 -46.32493928760188 -45.48626166217664 -44.654227123532216 -43.829214001622255 -43.01162633521314 -42.20189569201838 -41.400483088968905 -40.607881008493905 -39.824615503479755 -39.05124837953327 -38.28837943815329 -37.53664875824692 -36.796738985948195 -36.069377593742864 -35.35533905932738 -34.655446902326915 -33.97057550292606 -33.301651610693426 -32.64965543462902 -32.01562118716424 -31.400636936215164 -30.805843601498726 -30.23243291566195 -29.68164415931166 -29.154759474226502 -28.653097563788805 -28.178005607210743 -27.730849247724095 -27.313000567495326 -26.92582403567252 -26.570660511172846 -26.248809496813376 -25.96150997149434 -25.709920264364882 -25.495097567963924 -25.317977802344327 -25.179356624028344 -25.079872407968907 -25.019992006393608 -25.0 -25.019992006393608 -25.079872407968907 -25.179356624028344 -25.317977802344327 -25.495097567963924 -25.709920264364882 -25.96150997149434 -26.248809496813376 -26.570660511172846 -26.92582403567252 -27.313000567495326 -27.730849247724095 -28.178005607210743 -28.653097563788805 -29.154759474226502 -29.68164415931166 -30.23243291566195 -30.805843601498726 -31.400636936215164 -32.01562118716424 -32.64965543462902 -33.301651610693426 -33.97057550292606 -34.655446902326915 -35.35533905932738 -36.069377593742864 -36.796738985948195 -37.53664875824692 -38.28837943815329 -39.05124837953327 -39.824615503479755 -40.607881008493905 -41.400483088968905 -42.20189569201838 -43.01162633521314 
-77.79460135510689 -76.84399781375251 -75.8946638440411 -74.94664769020693 -74.0 -73.05477397131553 -72.11102550927978 -71.16881339463234 -70.22819946431775 -69.28924880528002 -68.35202996254024 -67.4166151627327 -66.48308055437865 -65.55150646628954 -64.62197768561404 -63.694583757176716 -62.76941930590086 -61.84658438426491 -60.92618484691127 -60.00833275470999 -59.09314681077663 -58.180752831155424 -57.271284253105414 -56.36488268416781 -55.46169849544819 -54.56189146281496 -53.665631459994955 -52.773099207835045 -51.884487084291386 -51.0 -50.11985634456667 -49.24428900898052 -48.373546489791295 -47.50789408087881 -46.647615158762406 -45.79301256742124 -44.94441010848846 -44.10215414239989 -43.266615305567875 -42.43819034784589 -41.617304093369626 -40.80441152620633 -40.0 -39.20459156782532 -38.41874542459709 -37.64306044943742 -36.87817782917155 -36.124783736376884 -35.38361202590826 -34.655446902326915 -33.94112549695428 -33.24154027718932 -32.55764119219941 -31.89043743820395 -31.240998703626616 -30.610455730027933 -30.0 -29.410882339705484 -28.844410203711913 -28.30194339616981 -27.784887978899608 -27.294688127912362 -26.832815729997478 -26.40075756488817 -26.0 -25.632011235952593 -25.298221281347036 -25.0 -24.73863375370596 -24.515301344262525 -24.331050121192877 -24.186773244895647 -24.08318915758459 -24.020824298928627 -24.0 -24.020824298928627 -24.08318915758459 -24.186773244895647 -24.331050121192877 -24.515301344262525 -24.73863375370596 -25.0 -25.298221281347036 -25.632011235952593 -26.0 -26.40075756488817 -26.832815729997478 -27.294688127912362 -27.784887978899608 -28.30194339616981 -28.844410203711913 -29.410882339705484 -30.0 -30.610455730027933 -31.240998703626616 -31.89043743820395 -32.55764119219941 -33.24154027718932 -33.94112549695428 -34.655446902326915 -35.38361202590826 -36.124783736376884 -36.87817782917155 -37.64306044943742 -38.41874542459709 -39.20459156782532 -40.0 -40.80441152620633 -41.617304093369626 -42.43819034784589 
-77.4919350642375 -76.53757247260981 -75.58438992278762 -74.63243262818116 -73.68174807915459 -72.73238618387272 -71.78439941937245 -70.83784299369935 -69.8927750200262 -68.9492567037528 -68.00735254367721 -67.06713054842886 -66.12866246946176 -65.19202405202648 -64.25729530566937 -63.324560795950255 -62.39390995922599 -61.465437442517235 -60.53924347066124 -59.61543424315552 -58.69412236331676 -57.77542730261716 -56.859475903318 -55.94640292279746 -55.036351623268054 -54.12947441089743 -53.225933528685054 -52.32590180780452 -51.42956348249516 -50.53711507397311 -49.64876634922564 -48.76474136094644 -47.885279575251516 -47.01063709417264 -46.14108798023731 -45.27692569068709 -44.41846462902562 -43.56604182158393 -42.720018726587654 -41.88078318274385 -41.048751503547585 -40.22437072223753 -39.408120990476064 -38.600518131237564 -37.8021163428716 -37.013511046643494 -36.235341863986875 -35.4682957019364 -34.713109915419565 -33.97057550292606 -33.24154027718932 -32.526911934581186 -31.827660925679098 -31.144823004794873 -30.479501308256342 -29.832867780352597 -29.206163733020468 -28.600699292150182 -28.0178514522438 -27.459060435491963 -26.92582403567252 -26.419689627245813 -25.942243542145693 -25.495097567963924 -25.079872407968907 -24.698178070456937 -24.351591323771842 -24.041630560342615 -23.769728648009426 -23.53720459187964 -23.345235059857504 -23.194827009486403 -23.08679276123039 -23.021728866442675 -23.0 -23.021728866442675 -23.08679276123039 -23.194827009486403 -23.345235059857504 -23.53720459187964 -23.769728648009426 -24.041630560342615 -24.351591323771842 -24.698178070456937 -25.079872407968907 -25.495097567963924 -25.942243542145693 -26.419689627245813 -26.92582403567252 -27.459060435491963 -28.0178514522438 -28.600699292150182 -29.206163733020468 -29.832867780352597 -30.479501308256342 -31.144823004794873 -31.827660925679098 -32.526911934581186 -33.24154027718932 -33.97057550292606 -34.713109915419565 -35.4682957019364 -36.235341863986875 -37.013511046643494 -37.8021163428716 -38.600518131237564 -39.408120990476064 -40.22437072223753 -41.048751503547585 -41.88078318274385 
-77.20103626247513 -76.24303246854758 -75.28612089887484 -74.33034373659252 -73.37574531137656 -72.42237223399962 -71.47027354082255 -70.51950084905593 -69.57010852370435 -68.62215385719105 -67.67569726275453 -66.73080248281148 -65.7875368135941 -64.8459713474939 -63.90618123468183 -62.96824596572466 -62.03224967708329 -61.09828148156051 -60.166435825965294 -59.23681287847955 -58.309518948453004 -57.38466694161429 -56.462376853972415 -55.54277630799526 -54.62600113499065 -53.71219600798314 -52.80151512977634 -51.894122981316485 -50.99019513592785 -50.08991914547278 -49.193495504995376 -48.30113870293329 -47.41307836451879 -46.52956049652737 -45.65084884205331 -44.77722635447622 -43.9089968002003 -43.04648650006177 -42.190046219457976 -41.340053217188775 -40.496913462633174 -39.66106403010388 -38.8329756778952 -38.01315561749642 -37.20215047547655 -36.40054944640259 -35.608987629529715 -34.828149534535996 -34.058772731852805 -33.301651610693426 -32.55764119219941 -31.827660925679098 -31.11269837220809 -30.4138126514911 -29.732137494637012 -29.068883707497267 -28.42534080710379 -27.80287754891569 -27.202941017470888 -26.627053911388696 -26.076809620810597 -25.553864678361276 -25.059928172283335 -24.596747752497688 -24.166091947189145 -23.769728648009426 -23.40939982143925 -23.08679276123039 -22.80350850198276 -22.561028345356956 -22.360679774997898 -22.20360331117452 -22.090722034374522 -22.02271554554524 -22.0 -22.02271554554524 -22.090722034374522 -22.20360331117452 -22.360679774997898 -22.561028345356956 -22.80350850198276 -23.08679276123039 -23.40939982143925 -23.769728648009426 -24.166091947189145 -24.596747752497688 -25.059928172283335 -25.553864678361276 -26.076809620810597 -26.627053911388696 -27.202941017470888 -27.80287754891569 -28.42534080710379 -29.068883707497267 -29.732137494637012 -30.4138126514911 -31.11269837220809 -31.827660925679098 -32.55764119219941 -33.301651610693426 -34.058772731852805 -34.828149534535996 -35.608987629529715 -36.40054944640259 -37.20215047547655 -38.01315561749642 -38.8329756778952 -39.66106403010388 -40.496913462633174 -41.340053217188775 
-76.92203845452875 -75.96051605933177 -75.0 -74.04052944165107 -73.08214556237385 -72.12489168102785 -71.16881339463234 -70.21395872616783 -69.26037828369117 -68.30812543175226 -67.35725647619564 -66.40783086353596 -65.45991139621256 -64.51356446515724 -63.56886030125127 -62.625873247404705 -61.68468205316454 -60.74537019394976 -59.80802621722272 -58.872744118140105 -57.9396237474839 -57.0087712549569 -56.08029957123981 -55.154328932550705 -54.230987451824994 -53.31041174104736 -52.392747589718944 -51.478150704935004 -50.566787519082126 -49.658836071740545 -48.75448697299562 -47.853944456021594 -46.95742752749558 -46.06517122512408 -45.17742799230607 -44.294469180700204 -43.41658669218482 -42.5440947723653 -41.677331968349414 -40.8166632639171 -39.96248240537617 -39.11521443121589 -38.27531841800928 -37.44329045369811 -36.61966684720111 -35.805027579936315 -35.0 -34.20526275297414 -33.421549934136806 -32.64965543462902 -31.89043743820395 -31.144823004794873 -30.4138126514911 -29.698484809834994 -29.0 -28.319604517012593 -27.65863337187866 -27.018512172212592 -26.40075756488817 -25.80697580112788 -25.238858928247925 -24.698178070456937 -24.186773244895647 -23.706539182259394 -23.259406699226016 -22.847319317591726 -22.47220505424423 -22.135943621178654 -21.840329667841555 -21.587033144922902 -21.37755832643195 -21.213203435596427 -21.095023109728988 -21.02379604162864 -21.0 -21.02379604162864 -21.095023109728988 -21.213203435596427 -21.37755832643195 -21.587033144922902 -21.840329667841555 -22.135943621178654 -22.47220505424423 -22.847319317591726 -23.259406699226016 -23.706539182259394 -24.186773244895647 -24.698178070456937 -25.238858928247925 -25.80697580112788 -26.40075756488817 -27.018512172212592 -27.65863337187866 -28.319604517012593 -29.0 -29.698484809834994 -30.4138126514911 -31.144823004794873 -31.89043743820395 -32.64965543462902 -33.421549934136806 -34.20526275297414 -35.0 -35.805027579936315 -36.61966684720111 -37.44329045369811 -38.27531841800928 -39.11521443121589 -39.96248240537617 -40.8166632639171 
-76.6550715869472 -75.69015788066504 -74.72616676907762 -73.76313442364011 -72.80109889280519 -71.84010022264724 -70.8801805866774 -69.92138442565336 -68.96375859826666 -68.00735254367721 -67.05221845696084 -66.09841147864296 -65.14598989960932 -64.19501538281614 -63.245553203367585 -62.297672508690084 -61.35144660071187 -60.40695324215582 -59.464274989274024 -58.52349955359813 -57.584720195551874 -56.64803615307419 -55.71355310873648 -54.78138369920935 -53.85164807134504 -52.92447448959697 -52.0 -51.07837115648854 -50.15974481593781 -49.24428900898052 -48.33218389437829 -47.4236228055175 -46.51881339845203 -45.617978911828175 -44.721359549995796 -43.829214001622255 -42.941821107167776 -42.05948168962618 -41.182520563948 -40.311288741492746 -39.44616584663204 -38.58756276314948 -37.73592452822641 -36.89173349139343 -36.05551275463989 -35.22782990761707 -34.40930106817051 -33.60059523282288 -32.802438933713454 -32.01562118716424 -31.240998703626616 -30.479501308256342 -29.732137494637012 -29.0 -28.284271247461902 -27.586228448267445 -26.90724809414742 -26.248809496813376 -25.612496949731394 -25.0 -24.413111231467404 -23.853720883753127 -23.323807579381203 -22.825424421026653 -22.360679774997898 -21.93171219946131 -21.540659228538015 -21.18962010041709 -20.8806130178211 -20.615528128088304 -20.396078054371138 -20.223748416156685 -20.09975124224178 -20.024984394500787 -20.0 -20.024984394500787 -20.09975124224178 -20.223748416156685 -20.396078054371138 -20.615528128088304 -20.8806130178211 -21.18962010041709 -21.540659228538015 -21.93171219946131 -22.360679774997898 -22.825424421026653 -23.323807579381203 -23.853720883753127 -24.413111231467404 -25.0 -25.612496949731394 -26.248809496813376 -26.90724809414742 -27.586228448267445 -28.284271247461902 -29.0 -29.732137494637012 -30.479501308256342 -31.240998703626616 -32.01562118716424 -32.802438933713454 -33.60059523282288 -34.40930106817051 -35.22782990761707 -36.05551275463989 -36.89173349139343 -37.73592452822641 -38.58756276314948 -39.44616584663204 -40.311288741492746 
-76.40026177965623 -75.43208866258443 -74.46475676452586 -73.49829930005184 -72.53275122315436 -71.56814934033156 -70.60453243241541 -69.6419413859206 -68.6804193347711 -67.72001181334805 -66.76076692189807 -65.80273550544841 -64.8459713474939 -63.89053137985315 -62.93647591023825 -61.98386886924694 -61.032778078668514 -60.08327554319921 -59.135437767890075 -58.18934610390462 -57.245087125446844 -56.302753041036986 -55.362442142665635 -54.42425929675111 -53.48831648126533 -52.55473337388365 -51.62363799656123 -50.695167422546305 -49.76946855251722 -48.84669896727925 -47.92702786528704 -47.01063709417264 -46.09772228646444 -45.18849411078001 -44.28317965096906 -43.382023926967726 -42.485291572496 -41.593268686170845 -40.70626487409524 -39.824615503479755 -38.948684188300895 -38.07886552931954 -37.21558813185679 -36.359317925395686 -35.510561809129406 -34.66987164671943 -33.83784863137726 -33.015148038438355 -32.202484376209235 -31.400636936215164 -30.610455730027933 -29.832867780352597 -29.068883707497267 -28.319604517012593 -27.586228448267445 -26.870057685088806 -26.1725046566048 -25.495097567963924 -24.839484696748443 -24.20743687382041 -23.600847442411894 -23.021728866442675 -22.47220505424423 -21.95449840010015 -21.470910553583888 -21.02379604162864 -20.615528128088304 -20.248456731316587 -19.924858845171276 -19.6468827043885 -19.4164878389476 -19.235384061671343 -19.1049731745428 -19.026297590440446 -19.0 -19.026297590440446 -19.1049731745428 -19.235384061671343 -19.4164878389476 -19.6468827043885 -19.924858845171276 -20.248456731316587 -20.615528128088304 -21.02379604162864 -21.470910553583888 -21.95449840010015 -22.47220505424423 -23.021728866442675 -23.600847442411894 -24.20743687382041 -24.839484696748443 -25.495097567963924 -26.1725046566048 -26.870057685088806 -27.586228448267445 -28.319604517012593 -29.068883707497267 -29.832867780352597 -30.610455730027933 -31.400636936215164 -32.202484376209235 -33.015148038438355 -33.83784863137726 -34.66987164671943 -35.510561809129406 -36.359317925395686 -37.21558813185679 -38.07886552931954 -38.948684188300895 -39.824615503479755 
-76.15773105863909 -75.18643494673756 -74.21590126111789 -73.24616030891995 -72.27724399837061 -71.30918594402827 -70.3420215802759 -69.3757882838098 -68.41052550594829 -67.446274915669 -66.48308055437865 -65.52098900352466 -64.5600495662759 -63.60031446463138 -62.6418390534633 -61.68468205316454 -60.728905802755904 -59.77457653551382 -58.82176467941097 -57.87054518492115 -56.92099788303083 -55.97320787662612 -55.02726596879042 -54.08326913195984 -53.14132102234569 -52.20153254455275 -51.264022471905186 -50.32891812864648 -49.39635614091387 -48.46648326421054 -47.53945729601885 -46.61544808322666 -45.69463863518345 -44.77722635447622 -43.86342439892262 -42.95346318982906 -42.04759208325728 -41.14608122288197 -40.24922359499622 -39.35733730830886 -38.47076812334269 -37.589892258425 -36.71511950137164 -35.84689665786984 -34.9857113690718 -34.132096331752024 -33.28663395418648 -32.449961479175904 -31.622776601683793 -30.805843601498726 -30.0 -29.206163733020468 -28.42534080710379 -27.65863337187866 -26.90724809414742 -26.1725046566048 -25.45584412271571 -24.758836806279895 -24.08318915758459 -23.430749027719962 -22.80350850198276 -22.20360331117452 -21.633307652783937 -21.095023109728988 -20.591260281974 -20.12461179749811 -19.697715603592208 -19.313207915827967 -18.973665961010276 -18.681541692269406 -18.439088914585774 -18.24828759089466 -18.110770276274835 -18.027756377319946 -18.0 -18.027756377319946 -18.110770276274835 -18.24828759089466 -18.439088914585774 -18.681541692269406 -18.973665961010276 -19.313207915827967 -19.697715603592208 -20.12461179749811 -20.591260281974 -21.095023109728988 -21.633307652783937 -22.20360331117452 -22.80350850198276 -23.430749027719962 -24.08318915758459 -24.758836806279895 -25.45584412271571 -26.1725046566048 -26.90724809414742 -27.65863337187866 -28.42534080710379 -29.206163733020468 -30.0 -30.805843601498726 -31.622776601683793 -32.449961479175904 -33.28663395418648 -34.132096331752024 -34.9857113690718 -35.84689665786984 -36.71511950137164 -37.589892258425 -38.47076812334269 -39.35733730830886 
-75.92759709091287 -74.95331880577403 -73.97972695272672 -73.00684899377592 -72.03471385380801 -71.06335201775947 -70.09279563550022 -69.12307863514182 -68.15423684555495 -67.1863081289633 -66.21933252457322 -65.25335240430181 -64.28841264178172 -63.324560795950255 -62.36184731067546 -61.40032573203501 -60.440052945046304 -59.481089431852205 -58.52349955359813 -57.56735185849702 -56.61271941887264 -55.65968020030299 -54.70831746635972 -53.75872022286245 -52.81098370604357 -51.86520991955976 -50.92150822589606 -49.9799959983992 -49.040799340956916 -48.104053883222775 -47.16990566028302 -46.238512086787566 -45.31004303683677 -44.384682042344295 -43.46262762420146 -42.5440947723653 -41.6293165929973 -40.718546143004666 -39.81205847478876 -38.91015291668744 -38.01315561749642 -37.12142238654117 -36.235341863986875 -35.35533905932738 -34.48187929913333 -33.61547262794322 -32.7566787083184 -31.906112267087632 -31.064449134018133 -30.23243291566195 -29.410882339705484 -28.600699292150182 -27.80287754891569 -27.018512172212592 -26.248809496813376 -25.495097567963924 -24.758836806279895 -24.041630560342615 -23.345235059857504 -22.67156809750927 -22.02271554554524 -21.400934559032695 -20.808652046684813 -20.248456731316587 -19.72308292331602 -19.235384061671343 -18.788294228055936 -18.384776310850235 -18.027756377319946 -17.72004514666935 -17.46424919657298 -17.26267650163207 -17.11724276862369 -17.029386365926403 -17.0 -17.029386365926403 -17.11724276862369 -17.26267650163207 -17.46424919657298 -17.72004514666935 -18.027756377319946 -18.384776310850235 -18.788294228055936 -19.235384061671343 -19.72308292331602 -20.248456731316587 -20.808652046684813 -21.400934559032695 -22.02271554554524 -22.67156809750927 -23.345235059857504 -24.041630560342615 -24.758836806279895 -25.495097567963924 -26.248809496813376 -27.018512172212592 -27.80287754891569 -28.600699292150182 -29.410882339705484 -30.23243291566195 -31.064449134018133 -31.906112267087632 -32.7566787083184 -33.61547262794322 -34.48187929913333 -35.35533905932738 -36.235341863986875 -37.12142238654117 -38.01315561749642 -38.91015291668744 
-75.7099729229908 -74.73285756613352 -73.7563556583431 -72.78049189171504 -71.80529228406496 -70.83078426785913 -69.85699678629192 -68.8839603971781 -67.91170738539859 -66.94027188471824 -65.96969000988257 -65.0 -64.03124237432849 -63.06346010171025 -62.0966987850401 -61.1310068623117 -60.166435825965294 -59.20304046246274 -58.240879114244144 -57.28001396647874 -56.32051136131489 -55.362442142665635 -54.405882034941776 -53.45091205957107 -52.49761899362675 -51.54609587543949 -50.59644256269407 -49.64876634922564 -48.703182647543684 -47.75981574503821 -46.8187996428785 -45.880278987817846 -44.94441010848846 -44.01136216933077 -43.08131845707603 -42.15447781671598 -41.23105625617661 -40.311288741492746 -39.395431207184416 -38.48376280978771 -37.57658845611187 -36.6742416417845 -35.77708763999664 -34.88552708502482 -34.0 -33.12099032335839 -32.2490309931942 -31.38470965295043 -30.528675044947494 -29.68164415931166 -28.844410203711913 -28.0178514522438 -27.202941017470888 -26.40075756488817 -25.612496949731394 -24.839484696748443 -24.08318915758459 -23.345235059857504 -22.627416997969522 -21.93171219946131 -21.2602916254693 -20.615528128088304 -20.0 -19.4164878389476 -18.867962264113206 -18.35755975068582 -17.88854381999832 -17.46424919657298 -17.08800749063506 -16.76305461424021 -16.492422502470642 -16.278820596099706 -16.1245154965971 -16.0312195418814 -16.0 -16.0312195418814 -16.1245154965971 -16.278820596099706 -16.492422502470642 -16.76305461424021 -17.08800749063506 -17.46424919657298 -17.88854381999832 -18.35755975068582 -18.867962264113206 -19.4164878389476 -20.0 -20.615528128088304 -21.2602916254693 -21.93171219946131 -22.627416997969522 -23.345235059857504 -24.08318915758459 -24.839484696748443 -25.612496949731394 -26.40075756488817 -27.202941017470888 -28.0178514522438 -28.844410203711913 -29.68164415931166 -30.528675044947494 -31.38470965295043 -32.2490309931942 -33.12099032335839 -34.0 -34.88552708502482 -35.77708763999664 -36.6742416417845 -37.57658845611187 -38.48376280978771 
-75.50496672405067 -74.52516353554684 -73.54590403278758 -72.56721022610694 -71.58910531638176 -70.61161377563892 -69.63476143421474 -68.65857557508748 -67.68308503607086 -66.70832032063167 -65.73431371817918 -64.76109943476871 -63.788713735268246 -62.81719509815764 -61.84658438426491 -60.876925020897694 -59.90826320300064 -58.9406481131655 -57.97413216254298 -57.0087712549569 -56.04462507680822 -55.08175741568164 -54.120236510939236 -53.16013544000805 -52.20153254455275 -51.24451190127583 -50.28916384272063 -49.33558553417604 -48.38388161361178 -47.43416490252569 -46.486557196677836 -45.5411901469428 -44.598206241955516 -43.657759905886145 -42.720018726587654 -41.78516483155236 -40.85339643163099 -39.92492955535426 -39.0 -38.07886552931954 -37.16180835212409 -36.24913792078372 -35.34119409414458 -34.438350715445125 -33.54101966249684 -32.64965543462902 -31.76476034853718 -30.886890422961002 -30.01666203960727 -29.154759474226502 -28.30194339616981 -27.459060435491963 -26.627053911388696 -25.80697580112788 -25.0 -24.20743687382041 -23.430749027719962 -22.67156809750927 -21.93171219946131 -21.213203435596427 -20.518284528683193 -19.849433241279208 -19.209372712298546 -18.601075237738275 -18.027756377319946 -17.4928556845359 -17.0 -16.55294535724685 -16.15549442140351 -15.811388300841896 -15.524174696260024 -15.297058540778355 -15.132745950421556 -15.033296378372908 -15.0 -15.033296378372908 -15.132745950421556 -15.297058540778355 -15.524174696260024 -15.811388300841896 -16.15549442140351 -16.55294535724685 -17.0 -17.4928556845359 -18.027756377319946 -18.601075237738275 -19.209372712298546 -19.849433241279208 -20.518284528683193 -21.213203435596427 -21.93171219946131 -22.67156809750927 -23.430749027719962 -24.20743687382041 -25.0 -25.80697580112788 -26.627053911388696 -27.459060435491963 -28.30194339616981 -29.154759474226502 -30.01666203960727 -30.886890422961002 -31.76476034853718 -32.64965543462902 -33.54101966249684 -34.438350715445125 -35.34119409414458 -36.24913792078372 -37.16180835212409 -38.07886552931954 
-75.31268153505093 -74.33034373659252 -73.348483283569 -72.3671196055225 -71.386273190299 -70.40596565632774 -69.42621983083913 -68.4470598345904 -67.468511173732 -66.49060083951716 -65.5133574166368 -64.53681120105021 -63.56099432828282 -62.5859409132754 -61.61168720299745 -60.63827174318213 -59.665735560705194 -58.69412236331676 -57.723478758647246 -56.753854494650845 -55.78530272392541 -54.817880294662984 -53.85164807134504 -52.88667128870941 -51.92301994298868 -50.96076922496363 -50.0 -49.040799340956916 -48.08326112068523 -47.12748667179272 -46.17358552246078 -45.221676218380054 -44.27188724235731 -43.32435804486894 -42.37924020083418 -41.43669871020132 -40.496913462633174 -39.56008088970496 -38.62641583165593 -37.69615364994153 -36.76955262170047 -35.84689665786984 -34.92849839314596 -34.0147027033899 -33.1058907144937 -32.202484376209235 -31.304951684997057 -30.4138126514911 -29.5296461204668 -28.653097563788805 -27.784887978899608 -26.92582403567252 -26.076809620810597 -25.238858928247925 -24.413111231467404 -23.600847442411894 -22.80350850198276 -22.02271554554524 -21.2602916254693 -20.518284528683193 -19.79898987322333 -19.1049731745428 -18.439088914585774 -17.804493814764857 -17.204650534085253 -16.64331697709324 -16.1245154965971 -15.652475842498529 -15.231546211727817 -14.866068747318506 -14.560219778561036 -14.317821063276353 -14.142135623730951 -14.035668847618199 -14.0 -14.035668847618199 -14.142135623730951 -14.317821063276353 -14.560219778561036 -14.866068747318506 -15.231546211727817 -15.652475842498529 -16.1245154965971 -16.64331697709324 -17.204650534085253 -17.804493814764857 -18.439088914585774 -19.1049731745428 -19.79898987322333 -20.518284528683193 -21.2602916254693 -22.02271554554524 -22.80350850198276 -23.600847442411894 -24.413111231467404 -25.238858928247925 -26.076809620810597 -26.92582403567252 -27.784887978899608 -28.653097563788805 -29.5296461204668 -30.4138126514911 -31.304951684997057 -32.202484376209235 -33.1058907144937 -34.0147027033899 -34.92849839314596 -35.84689665786984 -36.76955262170047 -37.69615364994153 
-75.13321502504735 -74.14849964766651 -73.16419889536138 -72.18032973047436 -71.19691004531025 -70.21395872616783 -69.2314957226839 -68.24954212300622 -67.26812023536856 -66.2872536767062 -65.30696746902278 -64.32728814430156 -63.34824385884742 -62.369864518050704 -61.39218191268331 -60.41522986797286 -59.43904440685432 -58.463663928973865 -57.48912940721924 -56.515484603779164 -55.54277630799526 -54.57105459856901 -53.600373133029585 -52.630789467763066 -51.66236541235796 -50.695167422546305 -49.72926703662542 -48.76474136094644 -47.80167361086848 -46.84015371452148 -45.880278987817846 -44.9221548904324 -43.965895873961216 -43.01162633521314 -42.05948168962618 -41.10960958218893 -40.162171256046406 -39.21734310225516 -38.27531841800928 -37.33630940518894 -36.40054944640259 -35.4682957019364 -34.539832078341085 -33.61547262794322 -32.69556544854363 -31.78049716414141 -30.870698080866262 -29.966648127543394 -29.068883707497267 -28.178005607210743 -27.294688127912362 -26.419689627245813 -25.553864678361276 -24.698178070456937 -23.853720883753127 -23.021728866442675 -22.20360331117452 -21.400934559032695 -20.615528128088304 -19.849433241279208 -19.1049731745428 -18.384776310850235 -17.69180601295413 -17.029386365926403 -16.401219466856727 -15.811388300841896 -15.264337522473747 -14.7648230602334 -14.317821063276353 -13.92838827718412 -13.601470508735444 -13.341664064126334 -13.152946437965905 -13.038404810405298 -13.0 -13.038404810405298 -13.152946437965905 -13.341664064126334 -13.601470508735444 -13.92838827718412 -14.317821063276353 -14.7648230602334 -15.264337522473747 -15.811388300841896 -16.401219466856727 -17.029386365926403 -17.69180601295413 -18.384776310850235 -19.1049731745428 -19.849433241279208 -20.615528128088304 -21.400934559032695 -22.20360331117452 -23.021728866442675 -23.853720883753127 -24.698178070456937 -25.553864678361276 -26.419689627245813 -27.294688127912362 -28.178005607210743 -29.068883707497267 -29.966648127543394 -30.870698080866262 -31.78049716414141 -32.69556544854363 -33.61547262794322 -34.539832078341085 -35.4682957019364 -36.40054944640259 -37.33630940518894 
-74.96665925596525 -73.97972695272672 -72.99315036357864 -72.00694410957877 -71.02112361825881 -70.03570517957252 -69.05070600652827 -68.06614430096654 -67.08203932499369 -66.09841147864296 -65.11528238439882 -64.13267497929586 -63.150613615387776 -62.16912416947821 -61.18823416311342 -60.207972893961475 -59.22837157984339 -58.249463516842795 -57.271284253105414 -56.293871780150276 -55.31726674375732 -54.3415126767741 -53.36665625650534 -52.392747589718944 -51.419840528729765 -50.44799302251776 -49.47726750741192 -48.507731342539614 -47.53945729601885 -46.57252408878007 -45.60701700396552 -44.64302857109943 -43.68065933568311 -42.720018726587654 -41.7612260356422 -40.80441152620633 -39.84971769034255 -38.897300677553446 -37.94733192202055 -37.0 -36.05551275463989 -35.11409973215888 -34.17601498127012 -33.24154027718932 -32.31098884280702 -31.38470965295043 -30.463092423455635 -29.546573405388315 -28.635642126552707 -27.730849247724095 -26.832815729997478 -25.942243542145693 -25.059928172283335 -24.186773244895647 -23.323807579381203 -22.47220505424423 -21.633307652783937 -20.808652046684813 -20.0 -19.209372712298546 -18.439088914585774 -17.69180601295413 -16.97056274847714 -16.278820596099706 -15.620499351813308 -15.0 -14.422205101855956 -13.892443989449804 -13.416407864998739 -13.0 -12.649110640673518 -12.36931687685298 -12.165525060596439 -12.041594578792296 -12.0 -12.041594578792296 -12.165525060596439 -12.36931687685298 -12.649110640673518 -13.0 -13.416407864998739 -13.892443989449804 -14.422205101855956 -15.0 -15.620499351813308 -16.278820596099706 -16.97056274847714 -17.69180601295413 -18.439088914585774 -19.209372712298546 -20.0 -20.808652046684813 -21.633307652783937 -22.47220505424423 -23.323807579381203 -24.186773244895647 -25.059928172283335 -25.942243542145693 -26.832815729997478 -27.730849247724095 -28.635642126552707 -29.546573405388315 -30.463092423455635 -31.38470965295043 -32.31098884280702 -33.24154027718932 -34.17601498127012 -35.11409973215888 -36.05551275463989 -37.0 
-74.81310045707235 -73.824115301167 -72.83543093852057 -71.84705978674423 -70.8590149522275 -69.87131027825369 -68.8839603971781 -67.89698078707183 -66.91038783328041 -65.92419889539804 -64.93843238021688 -63.953107821277925 -62.96824596572466 -61.98386886924694 -61.0 -60.01666435249463 -59.033888572581766 -58.05170109479997 -57.0701322935211 -56.089214649520635 -55.10898293381942 -54.12947441089743 -53.150729063673246 -52.172789842982326 -51.19570294468082 -50.21951811795888 -49.24428900898052 -48.27007354458868 -47.29693436154187 -46.32493928760188 -45.35416188179427 -44.384682042344295 -43.41658669218482 -42.44997055358225 -41.48493702538308 -40.52159917870962 -39.56008088970496 -38.600518131237564 -37.64306044943742 -36.68787265568828 -35.73513677041127 -34.785054261852174 -33.83784863137726 -32.89376840679705 -31.953090617340916 -31.016124838541646 -30.083217912982647 -29.154759474226502 -28.231188426986208 -27.313000567495326 -26.40075756488817 -25.495097567963924 -24.596747752497688 -23.706539182259394 -22.825424421026653 -21.95449840010015 -21.095023109728988 -20.248456731316587 -19.4164878389476 -18.601075237738275 -17.804493814764857 -17.029386365926403 -16.278820596099706 -15.556349186104045 -14.866068747318506 -14.212670403551895 -13.601470508735444 -13.038404810405298 -12.529964086141668 -12.083045973594572 -11.704699910719626 -11.40175425099138 -11.180339887498949 -11.045361017187261 -11.0 -11.045361017187261 -11.180339887498949 -11.40175425099138 -11.704699910719626 -12.083045973594572 -12.529964086141668 -13.038404810405298 -13.601470508735444 -14.212670403551895 -14.866068747318506 -15.556349186104045 -16.278820596099706 -17.029386365926403 -17.804493814764857 -18.601075237738275 -19.4164878389476 -20.248456731316587 -21.095023109728988 -21.95449840010015 -22.825424421026653 -23.706539182259394 -24.596747752497688 -25.495097567963924 -26.40075756488817 -27.313000567495326 -28.231188426986208 -29.154759474226502 -30.083217912982647 -31.016124838541646 -31.953090617340916 -32.89376840679705 -33.83784863137726 -34.785054261852174 -35.73513677041127 -36.68787265568828 
