<?xml version="1.0" encoding="UTF-8" standalone="yes"?>
<output>
    <distanceMap>-122.63433453510736 -121.64385473529644 -120.65474476500209 -119.66731659678219 -118.68198319215294 -117.69930247727628 -116.72004629684157 -115.74531254720029 -114.77671559331574 -113.81672702980677 -112.8693265943756 -111.94135470805439 -111.01631999090847 -110.09437048032444 -109.17566676886017 -108.2603836203291 -107.34871163698384 -106.44085893306166 -105.53705277650407 -104.63754117927728 -103.74259444868457 -102.85250675385646 -101.96759780469829 -101.08821477006113 -100.21473456063849 -99.34756656053752 -98.48715582224494 -97.63398668635101 -96.78858680167741 -95.95153159003588 -95.12344920360393 -94.30502602675851 -93.4970127776526 -92.70023126773923 -91.91558187933725 -91.1440518218469 -90.3867242254915 -89.6447881269246 -88.91954939244428 -88.21244261125773 -87.52504397178234 -86.85908510851192 -86.21646787582209 -85.5992799726304 -85.00981131829519 -84.45057109015119 -83.9243054308636 -83.4340161395662 -82.98298144788605 -82.57478190789779 -82.21333920469795 -81.90298844092479 -81.64864303366096 -81.45625767075539 -81.33464016701157 -1.7976931348623157E308 -65.47947094181569 -64.59722207070055 -63.719463469856684 -62.84627104205706 -61.97772537801986 -61.113899545056114 -60.254861542261736 -59.40067784477117 -58.55141792860174 -57.707159493846355 -56.86799392573358 -56.034031395646664 -55.20540496171407 -54.3822731285333 -53.564820585126746 -52.753257223603164 -51.9478159490253 -51.148750077855865 -50.3563311492179 -49.57084769092402 -48.79260500365241 -48.02192561487819 -47.25914996318595 -46.50463710130633 -45.75876543575329 -45.021933517715915 -44.29456089426953 -43.57708902192963 -42.869982237387134 -42.173728774255814 -41.488841810825505 -40.81586053237407 -40.1553511919327 -39.50790815430544 -38.87415490842735 -38.25474503223774 -37.65036309243767 -37.06172545940533 -36.48958101567926 -35.93471173498885 -35.39793310823321 -34.88009439363156 -34.382078671389344 -33.90480268999778 -33.44921650390271 -33.01630292420643 -32.60707684124299 -32.22258454039643 -31.86390323894983 -31.532141257150222 -31.2284395719832 -30.953976140473614 -30.70997567941973 -30.497730480053846 -30.318645063422345 -30.174338710977487 -30.06691936842056 -30.0 -30.06691936842056 -30.174338710977487 -30.318645063422345 -30.497730480053846 -30.70997567941973 -30.955321030885003 -31.234759498738473 -31.54933043550222 -31.899524635299862 -32.28514835650364 -32.705419933685995 -33.159130644127956 -33.64479527155835 -34.160770859181255 -34.70534339313208 -35.276788349309605 
-122.49667638546134 -121.49667638546134 -120.49667638546134 -119.49667638546134 -118.49667638546134 -117.49667638546134 -116.49667638546134 -115.49667638546134 -114.49667638546134 -113.49667638546134 -112.49667638546134 -111.56147213136951 -110.62900990849815 -109.69942302744441 -108.77285569898777 -107.84946489992448 -106.92942239554749 -106.01291684426351 -105.1001558934181 -104.19136817538475 -103.28680513823977 -102.38674270232556 -101.49148282027369 -100.60135511497778 -99.71671883839875 -98.83796538174124 -97.96552144305659 -97.09985277524581 -96.24146837513358 -95.39092516723974 -94.54883324176578 -93.71586171243862 -92.89274526614972 -92.08029148253459 -91.27938900733433 -90.49101666827474 -89.71625362536032 -88.95629064834243 -88.21244261125773 -87.4861622862803 -86.77905550509375 -86.09289773439842 -85.4296520827966 -84.79148872140468 -84.18080566860067 -83.60025088231507 -83.05274567339319 -82.54150972115801 -82.07008871839709 -81.64238758557252 -81.26271709080167 -80.9358749968004 -80.6673235789767 -80.46368062952226 -80.33464016701157 -1.7976931348623157E308 -65.00868762709588 -64.11811890994429 -63.23208786107638 -62.35066189213921 -61.47393481607507 -60.60198772671606 -59.73489018637739 -58.87270285029829 -58.01548164941925 -57.163283451633156 -56.31617285109956 -55.47422943692525 -54.63755464234715 -53.80627717431312 -52.980556167048825 -52.16058163510088 -51.34657245963625 -50.53877283111901 -49.73744849737907 -48.94288406163526 -48.15538190322473 -47.37526240641139 -46.60286470412722 -45.83854742376636 -45.08268946031735 -44.33569080069698 -43.5979734177805 -42.869982244099354 -42.15218622522403 -41.445079443422856 -40.74918229533647 -40.06504270414332 -39.39323734674436 -38.734372878226466 -38.08908713728986 -37.45805031602384 -36.84196607550974 -36.24157258614711 -35.65764346913719 -35.09098861342695 -34.54245484102828 -34.012926393530385 -33.503325214731994 -33.01461101005532 -32.547781074981216 -32.1038699058306 -31.683948642892574 -31.28912445876862 -30.920540112983662 -30.57937408389825 -30.26684203415141 -29.984201024786785 -29.732759236994657 -29.513896950664844 -29.329112003517654 -29.1801249085965 -29.06916098177059 -29.0 -29.06916098177059 -29.1801249085965 -29.329112003517654 -29.513896950664844 -29.732759236994657 -29.98588528855112 -30.2745958966977 -30.600096467640054 -30.962847517810637 -31.362492220316053 -31.798021563943173 -32.26798161549695 -32.77065004926215 -33.3041675712019 -33.86662964263905 -34.456147951778874 
-123.04200531088685 -122.2037831666479 -121.49667638546134 -1.7976931348623157E308 -1.7976931348623157E308 -1.7976931348623157E308 -1.7976931348623157E308 -1.7976931348623157E308 -1.7976931348623157E308 -1.7976931348623157E308 -112.14256764068524 -111.20020463640626 -110.26040682851682 -109.3232940790218 -108.38899448422401 -107.45764633204065 -106.52940042806489 -105.60442272360255 -104.6828971205268 -103.76502827362555 -102.85104418145839 -101.94119837951624 -101.03577165268523 -100.13507337808363 -99.23944285700767 -98.34925117706605 -97.46490406664012 -96.58684573665582 -95.71556320164383 -94.85159114360447 -93.9955173904418 -93.14798908953121 -92.30971966680886 -91.4814966719205 -90.6641906206302 -89.8587649562693 -89.06628726195012 -88.28794186385531 -87.52504397178234 -86.77905550509375 -86.0516027480634 -85.34449596687685 -84.65975109943679 -83.9996135992922 -83.36658448236231 -82.76344860805493 -82.19330527339912 -81.6596014276512 -81.16616851119862 -80.71726580147993 -80.31763812817934 -79.9726096460348 -79.68827835574307 -79.47204130041291 -79.33464016701157 -1.7976931348623157E308 -64.55383890495942 -63.65449300423775 -62.75976566036666 -61.869673707152785 -60.984334700309354 -60.10384933676822 -59.22830061137069 -58.35775449097943 -57.492262544558486 -56.631866825563 -55.77660701885262 -54.926529438644394 -54.08169695270022 -53.2421984403029 -52.408156160973185 -51.579729621022324 -50.75711528547702 -49.94054268129773 -49.130268657916105 -48.3265721677869 -47.529751364735304 -46.74012321733069 -45.95802434020596 -45.18381179842575 -44.41786391739172 -43.660581133352295 -42.912386916277974 -42.17372878788734 -41.44507944465211 -40.72693798153369 -40.01983120034714 -39.32431497969252 -38.64097568207885 -37.97043157646037 -37.313334257690926 -36.67037004548936 -36.04226134379241 -35.42976793827409 -34.83368820669889 -34.25486021387459 -33.69416266065063 -33.15251565523927 -32.63088127604748 -32.13026389962901 -31.65171027760895 -31.196309366289068 -30.765191948424057 -30.359530149382962 -29.980537059478948 -29.629466868491967 -29.307616273537555 -29.016328601710136 -28.75700347881408 -28.53111797077775 -28.340272863138026 -28.18630047392848 -28.071555469255507 -28.0 -28.071555469255507 -28.18630047392848 -28.340272863138026 -28.53111797077775 -28.75700347881408 -29.018451982310722 -29.31717948533659 -29.654554623872166 -30.03096143271216 -30.445822098756757 -30.89784703039976 -31.385293930104552 -31.906170757609758 -32.45837855863236 -33.0398065550351 -33.648392937440455 
-123.46335520791109 -122.92340767653332 -122.49667638546134 -1.7976931348623157E308 -117.99023940963762 -117.15087102084229 -116.36832021916774 -115.67309049477626 -115.13708763246404 -1.7976931348623157E308 -111.80797539903683 -110.85847363066212 -109.91138004625977 -108.96680527531977 -108.02486453568564 -107.08567920748138 -106.14937905202363 -105.21610511793305 -104.28601328375946 -103.35927825296108 -102.43609765877406 -101.51669579726862 -100.60132646841917 -99.69027458118616 -98.78385667091413 -97.88242124199257 -96.98635044461982 -96.0960639682711 -95.21202344856651 -94.33473746107525 -93.4647671863394 -92.60273284249986 -91.74932099556119 -90.90529287244934 -90.07149381855588 -89.24886405939414 -88.43845094469724 -87.64142287243003 -86.85908510851192 -86.09289773439842 -85.34449596687685 -84.61571310036844 -83.90860631918189 -83.22548561432066 -82.56894601969847 -81.94190337013592 -81.34763382121834 -80.78981757118909 -80.27258787286402 -79.8005882558124 -79.37904591293801 -79.01388355513944 -78.71193746450454 -78.48152581414388 -78.33464016701157 -1.7976931348623157E308 -64.11660103965677 -63.20788021878562 -62.30398466600187 -61.404727642580646 -60.51026136780661 -59.62071951006002 -58.736213777293656 -57.8568316519304 -56.98263600803121 -56.11366738227401 -55.249949532788875 -54.39149853234612 -53.53833496683578 -52.69049790895391 -51.848058430299425 -51.01112988926382 -50.179872544419574 -49.35449148299306 -48.535229203969735 -47.72235647134676 -46.91616568300307 -46.11696886534308 -45.32509864144639 -44.540909128079164 -43.76477679839622 -42.99710135706853 -42.23830667672065 -41.48884183765232 -40.7491822978329 -40.01983120034714 -39.30132080598513 -38.59421402479858 -37.899106015344366 -37.21662582318844 -36.54743803637385 -35.89224443939988 -35.25178564638229 -34.62684269044287 -34.01823854257273 -33.42683952946556 -32.853556616460615 -32.29934651934345 -31.765212608237533 -31.252205569646655 -30.761423801260495 -30.29401353231156 -29.851168696641647 -29.434130647651283 -29.04418791466159 -28.682676398257197 -28.350980767066375 -28.050538520670244 -27.78284962173646 -27.549497807532333 -27.35219771247327 -27.19290549512964 -27.07411884729921 -27.0 -27.07411884729921 -27.19290549512964 -27.35219771247327 -27.549497807532333 -27.78284962173646 -28.05323455601788 -28.362841034400077 -28.71318433758848 -29.104506946912334 -29.535937145716474 -30.005841727067356 -30.51214129741751 -31.05253891040146 -31.624672048827943 -32.226208690608985 -32.8549053098431 
-122.62165653061417 -122.01902921304382 -121.57913695158092 -1.7976931348623157E308 -117.44667643454787 -116.52828428568407 -115.64953260775509 -114.82887433075639 -114.13708763246404 -1.7976931348623157E308 -111.49421371901673 -110.53751609081336 -109.58308368303794 -108.63102611720852 -107.6814538205317 -106.7344783833196 -105.79021368070983 -104.84877804297204 -103.91029772287735 -102.97491177352222 -102.04277817404808 -101.11408060653775 -100.18903475279441 -99.26789255985982 -98.35094309121929 -97.4385100728426 -96.5309495333007 -95.62865369932219 -94.73205543280719 -93.84163329248972 -92.95791731700902 -92.08149564169015 -91.2130220794754 -90.35322481711013 -89.50291640136567 -88.66300521673016 -87.83450868585344 -87.01856845673625 -86.21646787582209 -85.4296520827966 -84.65975109943679 -83.90860631918189 -83.17830083338366 -82.4711940521971 -81.78996109325175 -81.13763742952393 -80.51766934534977 -79.93397094990222 -79.39098911974325 -78.89377953664275 -78.44810206261809 -78.06055855371116 -77.73884421543978 -77.49237233431201 -77.33464016701157 -1.7976931348623157E308 -63.69919659584398 -62.78012698424763 -61.866564037971386 -60.957592223169094 -60.05340768957138 -59.154190187611825 -58.26009711344785 -57.37125778917767 -56.48776882640608 -55.60969171175003 -54.7370539490316 -53.86985504251348 -53.00807812031414 -52.15170692461571 -51.300746255027896 -50.45524210684533 -49.61529650575115 -48.781072510365235 -47.9527878588047 -47.1307008174482 -46.31509626384914 -45.50627946105851 -44.70457724203657 -43.91033906312157 -43.123937960011155 -42.34577146133538 -41.5762625278904 -40.81586058594109 -40.065042709300904 -39.32431497969252 -38.59421402479858 -37.87530870753277 -37.16820192634622 -36.47353248720843 -35.79197701786651 -35.12425190398925 -34.47111522820172 -33.833368688854954 -33.21185947086021 -32.60748203626996 -32.02117979779443 -31.45394663466942 -30.906828208125166 -30.380923034632907 -29.877383281555108 -29.39741526579511 -28.942279668380102 -28.513291538475 -28.111820270699653 -27.739289940728185 -27.397180758374528 -27.08703312193728 -26.81045724681371 -26.569154667356425 -26.364966235314224 -26.199985693586196 -26.076869431919576 -26.0 -26.076869431919576 -26.199985693586196 -26.364966235314224 -26.569154667356425 -26.81045724681371 -27.090482258012866 -27.411976255083857 -27.77656297870794 -28.18425338651066 -28.63379082523417 -29.123124510499444 -29.649783630864082 -30.211129129212146 -30.804511289028923 -31.427363481200636 -32.07725464214984 
-121.82363377648053 -121.12097865861756 -120.57913695158092 -1.7976931348623157E308 -117.0510050293341 -116.0510050293341 -115.07811332877192 -114.1067724237734 -113.13708763246404 -112.1691688529498 -111.20313014306588 -110.23908891546704 -109.27716475366447 -108.31747794964704 -107.3601478583741 -106.40529124595648 -105.45302094651288 -104.50344532110475 -103.5566692091062 -102.61279721605008 -101.67194016614535 -100.734225149202 -99.79980851986697 -98.86888921155169 -97.94171700825429 -97.0185888099053 -96.099832115436 -95.18580886365285 -94.27691983539168 -93.37360970902384 -92.47637287769896 -91.5857601560438 -90.70238652682805 -89.82694010508403 -88.96019252873505 -88.10301102182947 -87.25637241947172 -86.4213794932593 -85.5992799726304 -84.79148872140468 -83.9996135992922 -83.22548561432066 -82.4711940521971 -81.7391273505595 -81.03202056937295 -80.35301040054374 -79.7056987897554 -79.09422650537347 -78.52335865089434 -77.99858593236185 -77.52625064904629 -77.11372177551242 -76.76969427254444 -76.50489040364306 -76.33464016701157 -1.7976931348623157E308 -63.30510136745346 -62.37342962355936 -61.4497064605002 -60.530450175130326 -59.61590582195167 -58.70630898156261 -57.801878109443464 -56.90280581441267 -56.00924967243428 -55.121323679342176 -54.23909204633893 -53.362567612780595 -52.49171741772554 -51.6264775092034 -50.76677740256039 -49.91257150030682 -49.06387078498624 -48.220764973391645 -47.3834260261934 -46.55209109393066 -45.72703557010832 -44.90855581921759 -44.09697069569775 -43.29262286208206 -42.49587992102214 -41.707135413692875 -40.92680976850017 -40.15535130052739 -39.39323735758814 -38.64097568207885 -37.899106015344366 -37.16820192634622 -36.448872815071 -35.74176603388445 -35.04756908380278 -34.36701186097701 -33.700868935415365 -33.04996183928866 -32.41516133696136 -31.797389643293393 -31.197622551058384 -30.616891423028157 -30.05628500023133 -29.516950976595034 -29.000097294064542 -28.506993125478672 -28.03896954201109 -27.59741992020593 -27.183800253000005 -26.799629732275502 -26.44649235326349 -26.12604103804702 -25.84000731758129 -25.59022306391307 -25.378669413433947 -25.207593439428056 -25.07982826404514 -25.0 -25.07982826404514 -25.207593439428056 -25.378669413433947 -25.59022306391307 -25.84000731758129 -26.1304895532993 -26.465064638380742 -26.845393541410356 -27.271133169132 -27.74052933430006 -28.251027873385823 -28.799707063173347 -29.383547573421865 -29.999590415643787 -30.64502394704234 -31.317227353876714 
-121.1121031830823 -120.28049810291593 -119.57913695158092 -1.7976931348623157E308 -1.7976931348623157E308 -115.81974383723195 -114.84042267628057 -113.86241325062396 -112.8858243516918 -111.9107714632462 -110.93737741685435 -109.96577241955214 -108.99609316457553 -108.02848124320076 -107.06308077887472 -106.10003516199492 -105.13948286010746 -104.18155249149507 -103.22635774893133 -102.27399342084802 -101.32453471569369 -100.37804322543289 -99.43458360093847 -98.49425378152151 -97.55722470740507 -96.62376462577657 -95.69417031639183 -94.76877081466091 -93.84793170548663 -92.93206008721732 -92.02161032424372 -91.11709072968368 -90.21907134741275 -89.32819303602506 -88.44517809765773 -87.57084274299247 -86.70611174199684 -85.85203567957602 -85.00981131829519 -84.18080566860067 -83.36658448236231 -82.56894601969847 -81.78996109325175 -81.03202056937295 -80.29789170423598 -79.59078492304943 -78.91443293972077 -78.27318454985507 -77.67211626832179 -77.11716697401417 -76.61530612356675 -76.17476220385964 -75.80539198020439 -75.51948954261088 -75.33464016701157 -1.7976931348623157E308 -62.941800167856265 -61.99036889987602 -61.056046859059414 -60.12596454365454 -59.20041383893109 -58.27968877861951 -57.36407791722371 -56.45385434584104 -55.54926333481992 -54.65050806179343 -53.757734676628075 -52.871019102690504 -51.99035936134203 -51.11567840325493 -50.24684252533456 -49.38369807895273 -48.52612308349827 -47.674080889569424 -46.82765428311997 -45.987039430266655 -45.152500194886095 -44.324321630487475 -43.502811994205885 -42.68830449741745 -41.88115876296933 -41.08176201527004 -40.29053008770489 -39.5079083779643 -38.73437290145187 -37.97043157646037 -37.21662582318844 -36.47353248720843 -35.74176603388445 -35.02198093088677 -34.31487414970022 -33.62118775120068 -32.941711539211035 -32.27728576081516 -31.628803826345273 -30.99721501543292 -30.38352712855744 -29.788809036596042 -29.214193074757542 -28.660877223432 -28.130127019329024 -27.623277149998998 -27.141732710687418 -26.686970157231354 -26.260538095751944 -25.86405825368897 -25.49922736680194 -25.16782148556611 -24.871705801203557 -24.61285667766435 -24.393411573516953 -24.215788992997464 -24.083019632331116 -24.0 -24.083019632331116 -24.215788992997464 -24.393411573516953 -24.61285667766435 -24.871705801203557 -25.17360916854261 -25.522695542727295 -25.92054224227069 -26.366287453339666 -26.857541655945873 -27.391149253119366 -27.96367408135143 -28.57167919825703 -29.211877767181573 -29.881207505384655 -30.576860836643363 
-120.55673574558105 -119.56769200347699 -118.57913695158092 -117.59117319268026 -116.6039037691979 -115.61743203898128 -114.63186198169466 -113.647299042625 -112.66385168505045 -111.68163388352033 -110.70076860632103 -109.72139127775624 -108.74365075607184 -107.767709420561 -106.79374244182357 -105.82193576369443 -104.85248214775118 -103.88557444539384 -102.92139515024915 -101.9601014534365 -101.00180594588906 -100.04655576420562 -99.09431924676836 -98.14500241895252 -97.19854340596126 -96.25518027999526 -95.31517722648864 -94.37882808167356 -93.44646043771083 -92.51844042001129 -91.59517826276443 -90.67713483522908 -89.76482930367344 -88.85884815364224 -87.95985584638355 -87.0686074436376 -86.18596360963416 -85.31290849118359 -84.45057109015119 -83.60025088231507 -82.76344860805493 -81.94190337013592 -81.13763742952393 -80.35301040054374 -79.59078492304943 -78.85420634974838 -78.14709956856183 -77.4739868766006 -76.84023209324143 -76.2522186016906 -75.71757506428095 -75.24547987976403 -74.84713324887021 -74.53672267893536 -74.33464016701157 -1.7976931348623157E308 -62.63393892913115 -61.63393892913115 -60.688695682973695 -59.74734086110695 -58.810201892272666 -57.87762317390492 -56.949960723545196 -56.02757380115207 -55.110812699962565 -54.20000203215577 -53.295419317877005 -52.39726978082461 -51.50566025719657 -50.62057819396516 -49.741885433413266 -48.86933913116424 -48.0026499707555 -47.14157549063585 -46.286020948508664 -45.43609091669184 -44.5920358646463 -43.754126999246196 -42.92265896467366 -42.09795226072916 -41.280355267833485 -40.470245836578364 -39.66803248976425 -38.87415537672775 -38.089087188011185 -37.313334257690926 -36.54743803637385 -35.79197701786651 -35.04756908380278 -34.31487414970022 -33.59459699433763 -32.88749021315108 -32.19435728251437 -31.516055716304066 -30.853500289703018 -30.207666297808522 -29.57959280842067 -28.970385859749 -28.381221545428836 -27.813348922521143 -27.268092675488642 -26.746855474680636 -26.251119989032073 -25.782450562671592 -25.34249466821816 -24.932984452117296 -24.55573908288834 -24.21266940266285 -23.905788034909108 -23.63723182852098 -23.409312890005136 -23.224642032719565 -23.086471720463418 -23.0 -23.086471720463418 -23.224642032719565 -23.409312890005136 -23.63723182852098 -23.905788034909108 -24.22027063644103 -24.585604990347814 -25.00309033417816 -25.471127575547264 -25.986525405568184 -26.54541706605397 -27.143786698195786 -27.77774609161868 -28.443668295522436 -29.1382420273463 -29.858483190339967 
-120.40911299596569 -119.41683144080147 -118.42445142833874 -117.43211633034522 -116.43997230338039 -115.44816402019751 -114.45683107296274 -113.46610496192041 -112.47610667085277 -111.48694616439408 -110.49872888672705 -109.51157356578258 -108.52561747961873 -107.54101949063721 -106.55796334957358 -105.5766610472341 -104.59735571808109 -103.62032308005229 -102.64586941920945 -101.67432230755675 -100.70600687491138 -99.74119431468318 -98.77999845453903 -97.82217841624451 -96.86678142416184 -95.91401425090979 -94.96410703550451 -94.01731656527103 -93.07393010773994 -92.13426989928837 -91.19869842070231 -90.26762461913046 -89.34151127218126 -88.42088373557819 -87.50634037299605 -86.59856503885064 -85.6983420759152 -84.80657440505338 -83.9243054308636 -83.05274567339319 -82.19330527339912 -81.34763382121834 -80.51766934534977 -79.7056987897554 -78.91443293972077 -78.14709956856183 -77.40755964136106 -76.70045286017451 -76.03138097359363 -75.40714092011092 -74.83602748373926 -74.32824492531883 -73.89653066204788 -73.55735417914953 -73.33464016701157 -1.7976931348623157E308 -1.7976931348623157E308 -61.307572255595666 -60.35127739753537 -59.398384484044 -58.44923522615484 -57.504203332181966 -56.563693503350244 -55.62813784465178 -54.69798836999844 -53.7737038817619 -52.855729189385194 -51.94446468216102 -51.04022525491769 -50.14319047674402 -49.253354011258786 -48.37049055771758 -47.4941711219449 -46.62386280444185 -45.75912537914482 -44.89983438375591 -44.046225702333935 -43.1985544049937 -42.35709831145526 -41.52216136360795 -40.694076571825704 -39.87320836188059 -39.05995426338469 -38.254746029796785 -37.458050429098385 -36.67037004548936 -35.89224443939988 -35.12425190398925 -34.36701186097701 -33.62118775120068 -32.88749021315108 -32.166680432094736 -31.459573650908187 -30.76704282810962 -30.090022421710962 -29.429512269400206 -28.78658152622459 -28.162372610642546 -27.55810509913954 -26.975079499798476 -26.414680828550775 -25.87838191246424 -25.36774635981567 -24.884431180399837 -24.430189136661294 -24.00687110516909 -23.61642912631924 -23.26092162823627 -22.942524019173877 -22.66355171808129 -22.42651246546856 -22.23423354890546 -22.090217414796445 -22.0 -22.090217414796445 -22.23423354890546 -22.42651246546856 -22.66355171808129 -22.942524019173877 -23.271007399328433 -23.654728623768683 -24.094406677624992 -24.587418833544746 -25.129574370321805 -25.716176382151158 -26.34256651414483 -27.00437975701971 -27.697647103901254 -28.418820502049822 -29.164759421733578 
-120.28510769252716 -119.29361654371014 -118.30087532510878 -117.30701545201907 -116.31223691514211 -115.31679055359008 -114.32095696618563 -113.32502560948083 -112.329268350028 -111.33388861927234 -110.33896539800291 -109.34456878694262 -108.35078384415682 -107.35771476206806 -106.36549051660732 -105.37427262788192 -104.38426600873957 -103.39573442746463 -102.40902303473084 -101.42459200722442 -100.44306824401072 -99.46532746556548 -98.49262974670488 -97.5268538701733 -96.563079738996 -95.60148220116375 -94.64225644054972 -93.68562093407888 -92.73182092538714 -91.78113252027659 -90.83386753381386 -89.89037924990144 -88.95106929333075 -88.01639586436907 -87.08688364970175 -86.16313580578723 -85.24584851661396 -84.33582876547094 -83.4340161395662 -82.54150972115801 -81.6596014276512 -80.78981757118909 -79.93397094990222 -79.09422650537347 -78.27318454985507 -77.4739868766006 -76.70045286017451 -75.95725516737204 -75.25014838618549 -74.58626977139465 -73.9745422120325 -73.42623450692535 -72.95580790084342 -72.5824703559189 -72.33464016701157 -1.7976931348623157E308 -1.7976931348623157E308 -61.015168178250434 -60.047970464845704 -59.08355804575015 -58.12225706270248 -57.16443685079879 -56.21051421534466 -55.26095675199848 -54.31628405406015 -53.3770649223088 -52.44390762866411 -51.51743885364651 -50.5982652943471 -49.68691088625956 -48.78372423962749 -47.88876008692827 -47.00166383013592 -46.12163856638598 -45.24763834583546 -44.378919593217006 -43.51570391044841 -42.658228908050816 -41.80675269902687 -40.961558493815325 -40.12295891152972 -39.29129963082349 -38.46696210444706 -37.650365255923944 -36.84196633315213 -36.04226134379241 -35.25178564638229 -34.47111522820172 -33.700868935415365 -32.941711539211035 -32.19435728251437 -31.459573650908187 -30.73818536470303 -30.031078583516482 -29.33920530769841 -28.66358795232972 -28.00532405924706 -27.365591100727983 -26.745651315523144 -26.146856504908992 -25.570652705438516 -25.018584650098695 -24.49229993807066 -23.99355286901239 -23.524207986629108 -23.086243568566026 -22.681755697357627 -22.312964370474443 -21.98222487035459 -21.692051644627444 -21.44517214822621 -21.244658209117688 -21.09429532041995 -21.0 -21.09429532041995 -21.244658209117688 -21.44517214822621 -21.692051644627444 -21.98222487035459 -22.326497648736996 -22.73127964200846 -23.19625122952199 -23.717396411928217 -24.28929621759974 -24.90630103389202 -25.56305679480783 -26.254711009134468 -26.97696660205071 -27.72606590639362 -28.498745061451984 
-120.15493357137503 -119.17334654376171 -118.19022925575742 -117.20495829858464 -116.21691356401148 -115.22560137554792 -114.2308418579846 -113.23300669704537 -112.23325172853325 -111.23325172853325 -110.23325172853325 -109.23325172853325 -108.23325172853325 -107.23325172853325 -106.23325172853325 -105.23325172853325 -104.23325172853325 -103.23325172853325 -102.23325172853325 -101.23325172853325 -100.23325172853325 -99.23325172853325 -98.23325172853325 -97.26013412199038 -96.28861630748594 -95.31884119179712 -94.35096876872231 -93.38517868768157 -92.42167328894762 -91.46068120505697 -90.50246165257703 -89.54730956967416 -88.59556179524732 -87.64760453748696 -86.70388244753664 -85.76490970277185 -84.83128362117483 -83.9037014835754 -82.98298144788605 -82.07008871839709 -81.16616851119862 -80.27258787286402 -79.39098911974325 -78.52335865089434 -77.67211626832179 -76.84023209324143 -76.03138097359363 -75.25014838618549 -74.5023080390384 -73.79520125785184 -73.1382655469754 -72.54379538251601 -72.02811232709627 -71.61366686838113 -71.33464016701157 -1.7976931348623157E308 -1.7976931348623157E308 -60.76114340941029 -59.78356795749407 -58.80805773723491 -57.83488893352044 -56.86438417947223 -55.89692112900112 -54.932942280107156 -53.97296580148398 -53.017596613111394 -52.067535991956746 -51.1235861300497 -50.18664272103476 -49.25766284451002 -48.33758618321139 -47.427175608001534 -46.52673695664737 -45.63571304279364 -44.75233265351099 -43.8740842883675 -43.001178284008944 -42.13383567252417 -41.2722933876875 -40.41681016606238 -39.567672642281416 -38.72520101520317 -37.88975366117776 -37.06173024026318 -36.241573186960935 -35.42976793827409 -34.62684269044287 -33.833368688854954 -33.04996183928866 -32.27728576081516 -31.516055716304066 -30.76704282810962 -30.031078583516482 -29.309059629326963 -28.601952848140417 -27.910800700137056 -27.23672680334202 -26.580941712325565 -25.944748840322955 -25.329550453618495 -24.736853651545342 -24.16827623435432 -23.625552361722125 -23.110537930644682 -22.62521567937013 -22.17170020598256 -21.75224348269041 -21.369242280523856 -21.02525073325837 -20.72300545674124 -20.46548129891536 -20.256027336798475 -20.098751050913695 -20.0 -20.098751050913695 -20.256027336798475 -20.46548129891536 -20.72300545674124 -21.02525073325837 -21.38762798043106 -21.816866421454826 -22.310925626816957 -22.863928369846647 -23.46897273733557 -24.1193416596724 -24.808953439488665 -25.53248220341975 -26.285340360138672 -27.063608185302957 -27.863948303947257 
-119.9639181080709 -118.99037004793723 -118.01922884362286 -117.05079084909403 -116.08538354840746 -115.12335900555166 -114.16507718972645 -113.21087068708539 -112.26097605961067 -111.31540711341594 -110.37373130918402 -109.43469758935909 -108.49567675805633 -107.55199508634021 -106.6041540280107 -105.67548213533624 -104.77858065396008 -103.9403585097198 -103.23325172853325 -1.7976931348623157E308 -1.7976931348623157E308 -1.7976931348623157E308 -98.00294297091467 -97.02316759250301 -96.04461584643272 -95.06739940400728 -94.09164364582581 -93.11748978874638 -92.14509741382203 -91.17464748458902 -90.2063459682117 -89.24042820191904 -88.27716418618455 -87.31686503736523 -86.35989090026996 -85.40666071148115 -84.45766432562642 -83.51347768127674 -82.57478190789779 -81.64238758557252 -80.71726580147993 -79.8005882558124 -78.89377953664275 -77.99858593236185 -77.11716697401417 -76.2522186016906 -75.40714092011092 -74.58626977139465 -73.79520125785184 -73.04125466042284 -72.33414787923628 -71.68701595562075 -71.11803817530938 -70.65338352481879 -70.33464016701157 -1.7976931348623157E308 -61.53863484704831 -60.55055794977221 -59.56361384825598 -58.57796540907888 -57.59380695084516 -56.61137183595524 -55.63094222215989 -54.65286164798331 -53.67755132332136 -52.70553120950008 -51.7374471278525 -50.774105017107566 -49.81651248853226 -48.86592449135266 -47.92388026767962 -46.992192579427346 -46.07278058766426 -45.16705635839607 -44.274127876116395 -43.386195871252696 -42.503466726676294 -41.62614985290862 -40.75446285795957 -39.88863835149179 -39.028931927681185 -38.17563052959426 -37.329060149162004 -36.489591788559515 -35.65764490523087 -34.83368820669889 -34.01823854257273 -33.21185947086021 -32.41516133696136 -31.628803826345273 -30.853500289703018 -30.090022421710962 -29.33920530769841 -28.601952848140417 -27.87924356474196 -27.172136783555413 -26.481779179727884 -25.809411654833767 -25.156376501262233 -24.524124789256934 -23.914223892382587 -23.328365049719068 -22.768370854816173 -22.23620257597919 -21.73396727662357 -21.26392487183602 -20.828495638774736 -20.430269535759756 -20.072020544467026 -19.756733596374808 -19.48766278929642 -19.26847269532363 -19.103638881385304 -19.0 -19.103638881385304 -19.26847269532363 -19.48766278929642 -19.756733596374808 -20.072020544467026 -20.455596473060428 -20.913675212049185 -21.44149736548836 -22.03074893767026 -22.672780980677757 -23.359723160122584 -24.084774184649913 -24.84218797067231 -25.62715756192673 -26.435675710976476 -27.264402063454913 
-119.73543577918115 -118.75186478325418 -117.76997425339474 -116.79004433659296 -115.81242058582279 -114.83753395161708 -113.86592848035211 -112.8983003802828 -111.93555422875274 -110.97888567319958 -110.02990624751358 -109.09083732939438 -108.16482195233942 -107.25644668256915 -106.37265892079834 -105.52448211956258 -104.73050067257465 -104.02487874851415 -103.48071971280805 -1.7976931348623157E308 -1.7976931348623157E308 -1.7976931348623157E308 -97.8028424765189 -96.81716642682942 -95.83237064706758 -94.8485371176778 -93.8657581377907 -92.88413797454535 -91.90379483436722 -90.92486323092263 -89.94749684467371 -88.97187199553038 -87.99819188509107 -87.02669181163668 -86.05764562375249 -85.09137376338751 -84.12825336552532 -83.16873104236822 -82.21333920469795 -81.26271709080167 -80.31763812817934 -79.37904591293801 -78.44810206261809 -77.52625064904629 -76.61530612356675 -75.71757506428095 -74.83602748373926 -73.9745422120325 -73.1382655469754 -72.33414787923628 -71.57176984083513 -70.86466305964858 -70.23254619015317 -69.70554246648953 -69.33464016701157 -1.7976931348623157E308 -61.38467366665589 -60.3894947929584 -59.39480284640345 -58.40067432332563 -57.40720243580973 -56.414501898195326 -55.42271544574133 -54.432022859252136 -53.44265368960046 -52.454905570623595 -51.469171192170755 -50.485979091136564 -49.506057242776095 -48.53043577225168 -47.56061995941836 -46.59889677548014 -45.64891313135671 -44.71685781826829 -43.81415314339843 -42.91631369738849 -42.02355516919775 -41.13608681325282 -40.25411505492632 -39.37784987779774 -38.507513934106065 -37.643353730386146 -36.78565158137196 -35.93473650713945 -35.090992137705506 -34.25486021387459 -33.42683952946556 -32.60748203626996 -31.797389643293393 -30.99721501543292 -30.207666297808522 -29.429512269400206 -28.66358795232972 -27.910800700137056 -27.172136783555413 -26.44866848512254 -25.741561703935993 -25.052084058479526 -24.38161345834753 -23.731647094938758 -23.10381077768538 -22.499868518842245 -21.921732252460053 -21.37147157498455 -20.851323442621737 -20.363701908900957 -19.91120834960211 -19.496643454162925 -19.123024158613593 -18.793613198512627 -18.511980616299397 -18.282151341107685 -18.109023889408288 -18.0 -18.109023889408288 -18.282151341107685 -18.511980616299397 -18.793613198512627 -19.123024158613593 -19.532087129846225 -20.024763591646792 -20.592142448896336 -21.22279932000774 -21.906103176282954 -22.63301108364424 -23.396079033053876 -24.18925278495845 -25.007623268440305 -25.847204468979694 -26.704748033980078 
-119.55491404649808 -118.56241561495563 -117.57063193936519 -116.5796832139364 -115.58971887849215 -114.60092708737622 -113.61354809292628 -112.6278935613691 -111.64437511752594 -110.66354768052598 -109.68617733249343 -108.7133515396465 -107.74666603731323 -106.78855867017397 -105.84294568342727 -104.91654013068454 -104.02191214579567 -103.18589666058712 -102.48071971280805 -1.7976931348623157E308 -1.7976931348623157E308 -1.7976931348623157E308 -97.63419276536943 -96.64345035916791 -95.65328523043316 -94.66375217052807 -93.67491303014938 -92.68683787948387 -91.6996064023224 -90.71330958044351 -89.72805174052571 -88.74395305701339 -87.76115263247605 -86.77981231523393 -85.8001214659236 -84.82230295630448 -83.84662078330898 -82.87338982189164 -81.90298844092479 -80.9358749968004 -79.9726096460348 -79.01388355513944 -78.06055855371116 -77.11372177551242 -76.17476220385964 -75.24547987976403 -74.32824492531883 -73.42623450692535 -72.54379538251601 -71.68701595562075 -70.86466305964858 -70.08978999694735 -69.38268321576079 -68.77687057381559 -68.33464016701157 -1.7976931348623157E308 -61.28659711826308 -60.28659711826308 -59.28659711826308 -58.28659711826308 -57.28659711826308 -56.28659711826308 -55.28659711826308 -54.28659711826308 -53.28659711826308 -52.28659711826308 -51.28659711826308 -50.28659711826308 -49.28659711826308 -48.28659711826308 -47.28659711826308 -46.28659711826308 -45.28659711826308 -44.28659711826308 -43.373830160590295 -42.46577822670593 -41.562686514159346 -40.66478455618814 -39.772285895002916 -38.8853914073479 -38.004297139566496 -37.129206841280066 -36.260348300929394 -35.39799127982107 -34.54246373739214 -33.69416266065063 -32.853556616460615 -32.02117979779443 -31.197622551058384 -30.38352712855744 -29.57959280842067 -28.78658152622459 -28.00532405924706 -27.23672680334202 -26.481779179727884 -25.741561703935993 -25.017254741097705 -24.31014795991116 -23.621650481330164 -22.953301696842303 -22.306782705417266 -21.6839282897238 -21.086739326248072 -20.517395512564278 -19.97826832417165 -19.471934238039893 -19.001188598459663 -18.569061316563626 -18.178837514265396 -17.834090875355894 -17.53874965488033 -17.297251911994227 -17.11498475962599 -17.0 -17.11498475962599 -17.297251911994227 -17.53874965488033 -17.834090875355894 -18.178837514265396 -18.61958097339232 -19.154551029115215 -19.76868556942643 -20.44673752419512 -21.17596905161859 -21.9462761317046 -22.749760764254813 -23.580257383260236 -24.432932262972635 -25.303970258255625 -26.1903366867818 
-119.43265668114108 -118.4344893048052 -117.43639102320913 -116.43836578915823 -115.44041786101249 -114.44255183263871 -113.44477266694236 -112.44708573349934 -111.44949685083081 -110.45201233409233 -109.45463904889753 -108.45738447228052 -107.46025676191162 -106.46326483486332 -105.46641845752899 -104.46972834855 -103.4732062970094 -102.47686529857185 -101.48071971280805 -100.48478544564517 -99.48908016174617 -98.49362353262562 -97.49843752771005 -96.50354675723884 -95.50897887798389 -94.51476507560477 -93.520940640939 -92.52754566214068 -91.53462586059736 -90.54223360643762 -89.55042916000849 -88.55928219972994 -87.56887371591411 -86.57929837612683 -85.59066750380727 -84.6031128623321 -83.6167915081149 -82.63189207900272 -81.64864303366096 -80.6673235789767 -79.68827835574307 -78.71193746450454 -77.73884421543978 -76.76969427254444 -75.80539198020439 -74.84713324887021 -73.89653066204788 -72.95580790084342 -72.02811232709627 -71.11803817530938 -70.23254619015317 -69.38268321576079 -68.58707587362429 -67.87996909243773 -67.33464016701157 -1.7976931348623157E308 -61.83192604368892 -60.99370389944963 -60.28659711826308 -1.7976931348623157E308 -1.7976931348623157E308 -1.7976931348623157E308 -1.7976931348623157E308 -1.7976931348623157E308 -1.7976931348623157E308 -1.7976931348623157E308 -1.7976931348623157E308 -1.7976931348623157E308 -1.7976931348623157E308 -1.7976931348623157E308 -1.7976931348623157E308 -1.7976931348623157E308 -1.7976931348623157E308 -43.878116419844496 -42.954972565018224 -42.036330489803944 -41.122491019099776 -40.21373451485901 -39.310313852811056 -38.412450722607794 -37.52033746165402 -36.63414640369806 -35.754047631222726 -34.88023397746236 -34.012949541927235 -33.15251565523927 -32.29934651934345 -31.45394663466942 -30.616891423028157 -29.788809036596042 -28.970385859749 -28.162372610642546 -27.365591100727983 -26.580941712325565 -25.809411654833767 -25.052084058479526 -24.31014795991116 -23.584909225432902 -22.877802444246356 -22.190403804771027 -21.52444494149992 -20.88182770880979 -20.26463980561814 -19.675171151282985 -19.115930923138208 -18.589665263851 -18.0993759725549 -17.64834128087419 -17.240141740885804 -16.878699037685145 -16.56834827391425 -16.31400286665142 -16.121617503746425 -16.0 -16.121617503746425 -16.31400286665142 -16.56834827391425 -16.878699037685145 -17.240141740885804 -17.72194786168318 -18.309680009681017 -18.979484222242686 -19.71172354702585 -20.49170201353223 -21.30860301609646 -22.1544352690376 -23.023233716060613 -23.91049035279747 -24.812754612359694 -25.727352287064186 
